/*--------------------------------*- C++ -*----------------------------------*\
| =========                 |                                                 |
| \\      /  F ield         | OpenFOAM: The Open Source CFD Toolbox           |
|  \\    /   O peration     | Version:  v2106                                 |
|   \\  /    A nd           | Website:  www.openfoam.com                      |
|    \\/     M anipulation  |                                                 |
\*---------------------------------------------------------------------------*/
FoamFile
{
    version     2.0;
    format      ascii;
    arch        "LSB;label=32;scalar=64";
    class       cellSet;
    location    "1/polyMesh/sets";
    object      highAspectRatioCells;
}
// * * * * * * * * * * * * * * * * * * * * * * * * * * * * * * * * * * * * * //


7320
(
65537
32770
98306
65540
98309
98312
65547
98315
65550
98318
65553
98321
32786
98322
65556
32789
98325
65559
98328
65562
98331
98334
98337
98340
65572
98343
65575
65578
65581
98350
65600
65603
16473
16474
16477
16480
16483
16486
16489
16492
16495
49264
49267
16502
49270
16505
49273
16508
49276
16511
49279
49280
32896
16514
114818
49283
16517
49286
49289
49292
49295
16527
49298
16530
16533
16536
49305
49308
49311
49314
49317
49320
16555
16558
49333
49336
49339
49342
32962
32964
32965
32968
32971
32974
49361
32977
32980
32983
32987
32990
32993
32996
32999
33002
33005
33015
33018
33021
33024
82177
82178
33027
82180
82181
82184
82187
16653
82190
16656
82193
16657
33043
82196
16660
33046
82199
16663
16666
82203
16669
82206
16672
82209
16675
82212
16678
82215
82218
33068
82221
16685
16688
16691
16694
82231
16697
82234
16700
82237
82240
16710
16713
16716
16719
82256
82259
65875
82262
65878
65881
65882
65885
65888
16738
65891
16741
65894
65897
65900
65903
65910
65913
65916
65919
33153
65922
98690
65925
98693
98696
98699
98702
65935
98705
98706
65938
98709
65941
98712
65944
98715
98718
98721
98724
98727
65963
49579
98734
65966
49582
49585
49588
49591
49594
49595
49598
49601
49604
33220
16837
33222
49607
33223
16840
16841
49610
33226
16844
49613
33229
16847
33232
16850
33235
49620
16853
33238
49623
16856
33241
49626
16859
49629
33245
16862
33248
49632
33251
49635
16869
33254
16872
33257
16875
33260
16878
33263
49648
16881
49651
49654
49657
33273
33276
16894
33279
16897
33282
115202
16900
33285
16903
49676
33301
33304
16922
16925
33326
17022
17025
82561
17026
82562
33411
17029
82565
17032
82568
17035
82571
17038
82574
17041
82577
17044
82580
17047
82583
82587
17054
82590
17057
82593
17060
82596
17063
82599
17066
82602
82605
17079
82615
17082
82618
17085
82621
66239
17088
82624
66242
66245
66246
33479
66249
33481
33482
66252
33485
66255
82640
33488
66258
17107
82643
33491
66261
17110
82646
33494
66264
33497
66267
33500
66271
33504
66274
33507
66277
33510
49895
66280
33513
49898
66283
33516
49901
66286
33519
49904
66289
33522
49907
49910
49911
49914
66299
33532
49917
66302
33535
49920
66305
33538
99074
49923
66308
33541
99077
49926
33544
99080
49929
99083
99086
49936
99089
99090
49939
99093
49942
66327
33560
99096
49945
66330
33563
99099
49948
99102
49951
99105
99108
99111
49964
49967
33585
49970
49973
17205
17208
17211
17212
17215
17218
17221
49992
17224
17227
17230
17233
17237
17240
17243
17246
17249
17252
17265
17268
17271
17274
115586
33670
17293
17296
33739
33741
33742
33745
33748
33751
33754
33757
33760
33764
33767
33770
33773
33776
17392
33779
17395
33782
17398
17399
17402
17405
17408
33792
82945
82946
17411
33795
82949
17414
33798
82952
17417
33801
82955
17420
82956
33804
82958
17424
82961
17427
82964
17430
82967
17433
33817
82971
17436
33820
82974
17439
33823
82977
82980
50212
82983
50215
82986
50218
17452
66604
82989
50221
17455
66607
50224
17458
66610
50227
66611
82996
50228
33845
17461
66614
50231
82999
66617
50234
83002
66620
50237
83005
66623
50240
83008
66626
50243
66629
50246
17480
66632
66636
50253
66639
50256
83024
66642
50259
83027
66645
50262
83030
66648
50265
66651
50268
66654
66664
50281
66667
50284
66670
50287
66673
99458
66692
50309
99461
66695
99464
33930
99467
99470
99473
99474
99477
99480
99483
99486
99489
99492
99495
17580
17583
17586
17587
17590
17593
17596
17599
17602
17605
17608
17612
17615
34000
17618
34002
34003
17621
34006
17624
34009
17627
34012
34015
34018
34021
17640
34025
17643
34028
17646
34031
17649
34034
34037
34040
34043
17668
34053
34056
34059
34062
34078
34081
34084
34106
50530
50533
17766
50536
17769
50539
17772
50542
17775
17776
50545
50546
17779
50549
17782
50552
17785
50555
17788
50558
17791
50561
83329
17794
83330
50564
17797
83333
83336
17801
50571
83339
17804
50574
83342
17807
34191
50577
83345
17810
50580
83348
17813
83351
50583
17816
50586
66970
83355
66973
83358
66976
83361
66977
83364
66980
17829
83367
50599
66983
17832
83370
50602
66986
17835
83373
50605
66989
17838
66992
66995
83380
66998
83383
67002
83386
67005
83389
67008
83392
17857
50627
67011
67014
67017
67020
83408
83411
83414
67030
34262
34264
67033
34265
67036
34268
67039
34271
34274
34277
34280
34283
34287
67058
34290
67061
34293
34296
34299
34302
34305
99842
99845
99847
99848
99851
34315
99854
34318
99857
34321
99858
34324
99861
99864
99867
99870
99873
99876
34340
17956
99879
34343
17959
34346
17962
17965
17966
17969
17972
17975
17978
17981
34368
17984
17987
17991
17994
17997
18000
18003
18006
18019
18022
18025
18028
18047
34453
50849
50852
50855
50858
50861
50862
50864
50865
50868
50871
50874
50877
50880
50883
50890
50893
50896
50899
50902
50905
34525
34527
34528
34531
18147
50918
34534
18150
50921
34537
18153
18154
50924
34540
18156
18157
34543
18160
34546
18163
34550
18166
34553
18169
34556
18172
34559
18175
83713
50946
34562
18178
83714
34565
83717
18182
34568
83720
18185
67337
83723
18188
67340
83726
18191
67343
67344
83729
18194
34578
67347
83732
18197
34581
67350
83735
34584
67353
83739
34587
67356
83742
67359
83745
67362
18210
83748
67365
18213
83751
18216
67369
83754
34603
18219
67372
83757
34606
67375
34609
67378
83764
67381
83767
67384
83770
67387
83773
18238
83776
67397
34631
67400
67403
67406
83792
83795
67425
67428
100226
100229
100232
100235
100238
100241
100242
100245
100248
100251
34716
100254
18336
100257
18339
100260
18342
100263
18345
18346
18348
18349
18352
18355
18358
18361
18364
18367
18374
18377
18380
18383
18386
18389
51169
18402
51172
18405
34789
51175
34791
18408
34792
51178
18411
34795
51181
51182
34798
51185
34801
51188
34804
51191
34807
51194
34810
51197
18430
34814
51200
34817
51203
34820
34823
51210
34826
51213
34829
51216
34832
51219
51222
34839
51225
34842
34845
34848
34851
51238
51241
51244
34867
34870
34873
51266
18528
18532
18535
18538
18539
18541
18542
18545
18548
18551
67705
18554
67708
18557
67709
67711
18560
67712
84097
84098
67715
84101
67718
18567
84104
67721
18570
84107
67724
18573
84110
67727
18576
84113
67730
18579
84116
67733
18582
84119
67737
84123
67740
84126
67743
84129
67746
18595
84132
34980
67749
18598
84135
67752
18601
84138
67755
18604
84141
84148
67765
84151
67768
84154
67771
84157
67774
18623
84160
84176
67793
84179
67796
35054
35056
35057
35060
35063
35064
35066
35069
35072
100610
35075
100613
35079
100616
35082
100619
35085
100622
35088
100625
100626
35091
100629
35094
100632
35097
100635
100638
35104
100641
18721
51490
35107
100644
51493
35110
18726
51496
35113
18729
51499
35116
18732
18733
51502
51503
18735
18736
51506
18739
51509
18742
51512
18745
51515
35132
18748
51518
35135
18751
51521
35138
18754
51524
18761
51531
18764
51534
18767
51537
18770
51540
18773
51543
18776
51546
18789
51559
18792
51562
18795
51565
18798
18814
18817
51587
35245
18915
18921
68074
18924
68077
68078
18927
18928
68080
68081
18930
18931
68084
18934
68087
35320
18937
68090
35323
18940
68093
35326
18943
68096
35329
84481
18946
84482
68099
35332
18949
84485
68102
35335
84488
68106
35338
84491
18956
68109
35341
84494
18959
68112
35345
84497
18962
68115
35348
84500
18965
68118
35351
84503
18968
68121
35354
18971
84507
35357
84510
35360
84513
35363
84516
68134
84519
18984
68137
35370
84522
18987
68140
35373
18990
68143
35376
18993
35379
84532
35382
84535
84538
84541
84544
19009
68162
19012
68165
35398
35401
35404
84560
84563
51812
51813
51815
51818
51821
51824
51825
51828
51831
51834
51837
51840
100994
51843
100997
51846
101000
101003
51853
101006
51856
101009
101010
51859
101013
51862
101016
51865
101019
51868
101022
101025
101028
19110
51881
51884
19117
51887
19120
19123
19124
19126
19127
35511
19130
19133
19136
51906
19139
51909
19142
19145
19152
19155
19158
19161
19164
19167
19180
19183
19186
35587
19205
35590
19208
35593
35596
35599
35602
35605
35608
35612
35615
35618
35621
35624
35627
35630
35637
35640
35643
35646
35649
35665
35668
35671
68444
68447
68448
68450
68451
68454
68457
19306
68460
68461
68463
68466
19314
68469
19317
68472
19320
19321
19323
68476
19324
68479
19327
84865
68482
19330
84866
68485
19333
84869
68488
19336
84872
68491
19339
84875
19342
84878
84881
84884
19349
84887
19352
68504
19355
84891
68507
19358
84894
68510
19361
84897
68513
19364
84900
84903
52135
84906
52138
52141
52144
19377
52147
84916
68532
19380
52148
68535
19383
52151
84919
52154
84922
52157
84925
52160
84928
35778
52163
52166
52169
19402
19405
52176
84944
52179
52182
52185
52188
52191
52204
52207
52210
101378
52229
101381
52232
101384
101387
101390
35855
101393
101394
35858
101397
35861
101400
35864
101403
35867
101406
35870
101409
35873
101412
35876
35880
35883
35886
19503
35889
35892
35895
19512
35898
19515
19518
19519
35905
19521
19522
35908
19525
35911
19528
35914
19531
35917
19534
19537
19540
19547
35933
19550
35936
19553
35939
19556
19559
19562
19572
19575
19578
19581
19600
19603
36046
68815
68818
68819
68821
68822
68825
68828
68831
68834
68837
68840
68843
52459
52462
68847
52465
68850
52468
68853
19701
52471
68856
52472
68859
52475
68862
52478
19711
52481
85249
19714
85250
52484
19717
85253
19718
52487
19720
85256
19721
52490
85259
68875
19724
52493
85261
85262
68878
19727
85265
68881
19730
52500
85268
68884
19733
52503
85271
19736
85272
52506
19739
85275
36124
52509
85278
36127
52512
85281
19746
36130
52515
85284
19749
36133
85287
68903
19752
36136
85290
68906
19755
36139
19758
36142
52528
19761
36145
52531
85300
36149
52534
85303
36152
85306
36155
19771
85309
36158
19774
85312
36161
19777
36164
19780
36167
52553
52556
36174
85328
36177
36180
19799
36183
19802
36186
36202
36205
36208
101762
101765
101768
101771
101774
101777
101778
101781
101784
101787
101790
101793
101796
19900
19911
19914
19917
19918
19921
19924
19927
19930
36315
19933
19936
19939
19946
19949
19952
19955
19958
19961
19971
19974
19977
19980
19999
20002
36394
36397
36400
52784
36403
52787
36406
52790
36409
52793
36412
52796
52797
36415
36416
52800
36419
52803
69187
36422
52806
69190
69191
36425
52809
69193
69194
36428
52812
69197
36431
52815
69200
36434
52818
69203
69206
52825
69209
36444
52828
69212
52831
69215
36447
52834
36450
69219
36453
52837
69222
36456
52840
69225
69228
69231
69234
52853
36472
52856
36475
52859
36478
69247
85633
69250
85634
20100
69253
85637
69256
85640
85643
52878
85646
20112
52881
85649
20115
85652
20118
85655
20119
69272
85656
20122
69275
85659
20125
85662
20128
85665
20131
85668
20134
85671
20137
85674
20140
20147
85684
20150
85687
20153
85690
20156
85693
20159
85696
20162
20172
20175
85712
20178
20181
20200
36585
20203
102146
102149
102152
102155
102158
102161
102162
102165
102168
102171
102174
102177
102180
36665
36668
36671
36674
36676
36677
36680
36683
20301
36686
36687
36690
36693
36696
20314
36699
20317
36702
20320
36705
20321
20324
20327
20330
36715
20333
36718
20336
36721
20339
36724
20342
53110
36727
53113
53116
20349
53119
20352
53122
20355
53123
20358
53126
36743
20361
53129
36746
20364
53132
36749
53135
53138
53141
20374
53144
20377
20380
53151
20383
53154
53157
53160
53163
20402
20405
53176
69560
53179
69563
69564
53182
69566
69567
53185
69570
69573
69576
69579
69582
69585
53204
69588
53207
69592
69595
69598
69601
69604
69607
69620
69623
36856
69626
69629
86017
86018
86021
86024
86027
69645
86030
69648
86033
86036
86039
20503
86040
86043
86046
86049
86052
20517
86055
20520
86058
20523
20524
20527
20530
86068
20533
86071
20536
86074
20539
86077
20542
86080
20545
20549
20552
36937
20555
36940
20558
36943
20561
36946
20564
36949
20567
36952
36955
36958
36959
20577
36962
20580
36965
20583
36968
20586
36971
36974
36977
36987
20605
36990
20608
36993
102530
36996
102533
36999
102536
102539
102542
102545
102546
102549
37015
102552
37018
102555
37021
102558
102561
102564
53437
53440
53443
53446
53449
53450
53453
53456
53459
53462
53465
53468
53471
20706
53478
53481
53484
53487
20721
53490
20724
20727
20728
20731
20734
53503
20737
53506
20740
53509
20743
53512
37128
20746
20749
20753
20756
20759
20762
53531
20765
53534
20768
20771
20781
69934
20784
69937
69938
20787
69940
69941
20790
69944
69947
69950
69953
69956
69959
20809
69962
20812
69966
69969
69972
69975
69978
37210
69981
37213
37216
37219
37222
37225
69994
37228
69997
37231
37232
70000
37235
70003
37238
37241
37244
37247
86401
37250
86402
70019
86405
70022
86408
86411
37260
86414
37263
86417
37266
86420
37269
86423
86424
37272
86427
86430
86433
86436
86439
37288
86442
37291
20910
86452
86455
86458
86461
20926
86464
37313
20929
20932
20933
20936
20939
20942
20945
20948
20951
20954
4573
20958
20961
20964
20967
20970
20973
20986
20989
20992
102914
20995
102917
53765
53767
102920
53768
102923
53771
102926
53774
102929
53777
102930
53778
102933
53781
21014
102936
53784
21017
37401
102939
53787
102942
53790
102945
53793
53796
53799
53806
53809
53812
53815
53818
4670
53831
53834
53837
53840
53859
53862
37484
37487
37490
37493
37496
37499
21115
37502
37505
37506
37509
37512
37515
21132
37518
21135
37521
21138
21139
37524
21142
21145
21148
37534
21151
4768
37537
21154
37540
21157
70309
37543
21160
70312
70313
37546
70315
21164
70316
21167
70319
21170
70322
21173
70325
21176
70328
37562
21179
70331
37565
70334
70337
70341
70344
21192
70347
21195
70350
21198
70353
21201
37587
70356
70366
70369
21220
70372
21223
70375
70378
70394
70397
86785
86786
4867
86789
86792
86795
86798
86801
86804
86807
86808
86811
86814
86817
86820
86823
86826
37675
86836
86839
86842
86845
86848
21321
54094
54097
54100
54103
54106
54107
21339
54110
21342
54113
21345
21346
54116
21349
54119
4967
21352
54122
21355
54125
21358
54128
21361
21364
54135
21367
54138
21371
54141
21374
37759
54144
21377
37762
103298
54147
21380
37765
103301
21383
37768
103304
21386
37771
103307
37774
103310
54160
37777
103313
103314
54163
37780
37781
103317
54166
21399
37784
103320
54169
21402
37787
103323
21405
37790
103326
21408
37793
103329
37796
37799
54188
37809
21427
37812
21430
37815
37818
37821
37837
37840
37862
21528
70685
70688
70689
70691
70692
70695
70698
21547
70701
21550
21551
70704
21553
21554
70707
21557
70710
21560
70713
21563
70717
21566
37950
70720
21569
70723
21572
70726
21575
70729
21579
70732
21582
21585
21588
70742
21591
70745
21594
70748
70751
70754
21607
21610
21613
21616
70770
70773
87169
87170
21635
87173
21638
87176
87179
87182
87185
38035
87188
38038
87192
54424
38041
87195
54427
38044
87198
54430
38047
87201
54433
38050
87204
54436
38053
54437
87207
38056
54440
38057
87210
54443
38060
54446
38063
54449
38066
87220
54452
38069
54455
87223
38072
54458
87226
38075
87229
54462
87232
54465
54468
38085
54471
38088
54474
38091
54477
38094
38097
54490
54493
54496
38113
54499
38116
21736
54518
38138
21756
21759
21760
21762
103682
21763
103685
21766
103688
21769
103691
21772
103694
21775
21778
103698
21781
103701
21784
103704
103707
21788
103710
21791
103713
21794
21797
21800
21803
21816
21819
21822
21825
38226
21844
5460
71062
71065
71066
71068
71069
71072
71075
71078
38312
71081
38315
71084
38318
71087
38321
38324
71094
38327
71097
21945
38330
71100
5566
38334
71103
38337
71106
38340
71109
38343
38346
38349
21966
71119
38352
21969
71122
21970
21972
71125
21973
71128
21976
38362
71131
21979
38365
21982
38368
21985
38371
54755
21988
38374
54758
21991
54761
21994
71147
54764
71150
21998
54767
54768
22001
38387
54771
22004
38390
54774
22007
38393
54777
22010
54780
22013
54783
87553
54786
87554
54789
87557
87560
54793
22026
87563
54796
22029
87566
38415
54799
22032
87569
54802
22035
87572
54805
87576
54808
87579
87582
87585
87588
54821
22054
87591
54824
5673
87594
54827
54830
87604
87607
87610
87613
87616
54849
38503
104066
104069
104072
104075
22155
104078
5778
104082
5781
104085
104088
104091
104094
22177
22180
22181
22183
22184
22187
22190
22193
22196
22199
22202
22205
38590
22209
38593
22212
38596
22215
38599
22218
38602
22221
38605
22224
38608
38612
38615
38618
38621
22237
38624
22240
38627
22243
38630
22246
38640
38643
22262
38646
22265
38649
38652
5887
5890
38665
38668
38671
71440
71443
71444
71446
71447
71450
71453
71456
71459
38693
71462
71465
55087
71472
55090
71475
55093
71478
55096
71481
55099
71484
55100
71487
55103
55106
55109
55112
71497
55115
71500
55118
71503
55121
71506
55125
71509
55128
55131
55134
22366
55137
55140
71525
71528
5997
55153
55156
22389
55159
22392
22393
55162
22395
22396
38781
22399
87937
22402
87938
22405
87941
22408
87944
22411
87947
55181
22414
87950
22417
87953
87956
22421
22424
87960
22427
87963
22430
87966
22433
87969
22436
87972
87975
87978
22449
87988
22452
22455
87991
22458
87994
87997
88000
22474
22477
38869
38872
6105
38875
6108
38878
38881
38884
38887
38891
38894
38897
38900
38903
38906
38909
104450
104453
38919
104456
38922
104459
38925
104462
104463
38928
104466
38931
104469
104472
104475
104478
38944
38947
38950
22578
38972
6217
22602
6220
22605
22606
22608
22609
22612
22615
22618
22621
22624
6242
22627
22634
22637
22640
22643
22646
22649
55420
55423
55426
55429
22662
55432
55433
22665
71819
55436
22668
71822
55439
22671
71823
71825
55442
71826
39060
55445
71829
55448
71832
55451
71835
55454
71838
22687
71841
55458
22690
71844
55461
55464
55467
71851
55470
71854
71857
55473
71860
71863
71866
6330
6333
55486
55489
55492
71876
55495
71879
71882
71885
71888
6355
55514
71904
71907
39149
39152
39155
39158
39161
39164
39167
88321
88322
39171
88325
39174
22791
88328
39177
88331
39180
88334
39183
88337
39186
88340
39189
88344
88347
88350
39199
22816
88353
39202
22819
88356
22820
39205
22822
88359
22823
39208
88362
22826
39211
6444
22829
6447
22832
22835
88372
22838
88375
39224
22841
88378
39227
88381
39230
22848
88384
22851
6469
22854
22857
22860
22863
39252
22876
22879
22882
22885
22901
22904
104834
104835
104837
104840
104843
104846
104847
104850
104853
104856
104859
104862
6559
6562
39340
6584
55754
55757
55760
55763
55766
55767
55770
55773
23005
55776
55779
55782
55785
55792
55795
55798
23031
55801
23034
23035
55804
23037
23038
55807
23041
23044
39430
23047
72199
39433
23050
72202
72203
55820
39436
23053
72205
72206
55823
39439
23056
6672
72209
55826
39442
6675
72212
55829
39445
6678
23063
72215
39448
23066
72218
39452
23069
72221
39455
23072
72224
39458
23075
72228
39461
23078
72231
55848
39464
72234
39467
6700
72237
39470
72240
23088
72243
23091
39477
72246
23094
39480
23097
39483
23100
39486
72256
39489
72259
39492
72262
72265
23116
72268
23119
39505
39508
39511
72284
72287
39533
88705
88706
6789
88709
6792
88712
6795
88715
88718
88721
88724
88728
88731
88734
6817
88737
88740
88743
88746
88756
23220
88759
88762
88765
88768
39621
23247
23250
23251
23253
23254
23257
23260
23263
23266
23269
23272
23279
23282
23285
23288
23291
6907
23294
6910
6913
105218
105221
105224
23304
105227
23307
105230
23310
105231
23313
105234
23316
105237
6935
105240
56089
105243
56092
56095
39712
56098
39715
23332
56101
56102
39718
23335
56105
39721
56108
39724
56111
39727
56114
39730
56117
39734
56120
39737
39740
56127
39743
56130
39746
56133
39749
56136
39752
56139
56142
39759
39762
39765
39768
56155
39771
56158
39774
56161
56164
39787
39790
39793
7026
7029
56183
7032
72580
39815
72583
72584
72586
72587
23436
7054
72590
72593
72596
72599
72602
72605
72609
72612
72615
23464
72618
23467
23468
72621
23470
23471
72624
23474
72627
23477
23480
23483
72637
23486
72640
23489
72643
72646
23496
23499
23502
23505
23508
23511
72665
72668
39903
23521
23524
23527
7146
23530
7149
23533
7152
23549
23552
89089
89090
89093
7174
89096
89099
89102
89105
89108
89112
89115
89118
89121
89124
89127
89130
89140
89143
89146
39995
89149
39998
40001
40004
40007
40010
40013
40017
40020
40023
40026
40029
40032
40035
7267
23653
7270
7273
56425
40042
56428
40045
56431
40048
56434
56435
40051
56437
56438
40054
56441
56444
7295
56447
56450
23682
105602
56453
23685
105605
40070
23686
56456
23688
105608
40073
23689
105611
40076
23692
105614
56463
23695
105615
56466
23698
105618
56469
23701
105621
56472
23704
105624
56475
23707
105627
56478
40098
23714
23717
23720
23723
56491
23726
56494
23729
56497
56500
23739
23742
23745
23748
56519
23767
23770
7389
7392
7395
40186
72962
72965
72966
72968
72969
72972
72975
72978
72981
72984
72987
72991
72994
72997
73000
73003
73006
73009
73019
73022
23871
73025
73028
73047
40279
7512
73050
40282
7515
40285
23901
7518
40286
40288
23904
23905
40291
23907
23908
40294
23911
40297
23914
40301
23917
40304
23920
40307
23923
40310
23926
40313
40316
23933
40319
23936
89473
89474
23939
89477
40326
23942
89480
40329
23945
89483
23948
40332
89486
40335
89489
40338
89492
23958
89496
23961
89499
23964
89502
23967
89505
40354
89508
40357
89511
40360
89514
89521
23986
89524
23989
89527
89530
56762
89533
56765
40382
56768
56771
56772
56774
56775
56778
56781
56784
56787
7636
56790
7639
56793
7642
56800
56803
56806
56809
56812
56815
56828
56831
56834
105986
56837
105989
105992
105995
105998
105999
106002
106005
40470
56856
106008
24090
106011
24121
24124
24125
24127
24128
24131
24134
24137
24140
24143
7761
24146
7764
24150
7767
24153
24156
24159
24162
24165
24168
24178
40564
24181
40567
24184
40570
24187
40573
40576
73345
73346
40579
73348
73349
40582
73351
73352
40586
73355
40589
24206
73358
40592
24209
73361
40595
73364
40598
73367
40601
73370
40604
73374
73377
40611
73380
40614
73383
40617
73386
40620
73389
40623
73392
73402
73405
40639
73408
40642
73411
40645
7887
7890
7893
73430
73433
40667
24310
89857
89858
89861
89864
89867
57100
89870
57103
89873
57106
89876
57109
57110
24342
89880
57112
57113
24345
24346
89883
57116
24348
24349
89886
57119
24352
89889
57122
24355
89892
57125
24358
89895
57128
24361
89898
57131
24364
24367
89905
57138
24371
40755
89908
57141
24374
89911
57144
24377
89914
57147
24380
89917
57150
24383
57153
24386
24389
8014
57166
24399
8017
57169
24402
8020
57172
24405
24408
57194
24427
24430
106370
106373
106376
106379
106382
106383
106386
40850
106389
40853
106392
40856
40859
40862
40865
40868
40869
40872
40875
40878
40881
40884
40887
40890
40897
40900
40903
40906
40909
8142
8145
24531
8148
40925
40928
40931
24564
24567
24568
24571
24574
24577
73729
73730
24580
73732
73733
24583
73735
73736
24586
73739
24589
73742
24593
73745
24596
73748
24599
73751
24602
73754
24605
73758
24608
73761
24611
73764
73767
73770
73773
24621
73776
24624
24627
24630
73786
73789
73792
73795
24649
24652
8271
41041
8274
8277
73814
73817
57439
57442
57445
8296
57448
57449
57451
57452
57455
73839
57458
57461
57464
57467
57470
90241
90242
57477
90245
57480
90248
90249
57483
90251
57486
90254
57489
90257
90260
57492
90264
90267
90270
90273
57505
90276
57508
90279
57511
90282
90289
41137
24753
90292
41140
41143
90295
57530
41146
90298
57533
41149
90301
41152
8385
41155
41156
41159
41162
41165
41168
8401
41171
24787
8404
24788
41174
24790
8407
24791
41177
24794
24797
41184
24800
41187
24803
24806
41190
24809
41193
8426
24812
41196
24816
24819
24822
24825
24828
41212
24831
41215
24834
41218
106754
106757
106760
106763
24844
106766
106767
24847
106770
24850
106773
24853
106776
24872
24875
8516
8532
8535
8538
8557
74113
74114
74116
74117
74120
74123
74126
24976
74129
74132
74135
74138
74142
74145
74148
74151
74154
74157
74160
25011
57779
25012
25014
57782
25015
57785
25018
74170
57788
25021
57789
74173
57791
25024
57792
74176
25027
57795
74179
25030
57798
8648
25033
57801
25036
57804
57807
25040
41425
57810
25043
41428
8661
25046
74198
41431
8664
25049
57817
74201
41434
8667
25052
57820
41437
25055
57823
41440
25058
57826
41443
41444
57829
41447
57832
41450
25068
41453
25071
41456
8689
25074
41459
25077
57845
41462
57848
41465
57851
41472
90625
90626
41475
90629
41478
25096
90632
41481
25099
90635
41484
57870
90638
57873
90641
90644
90648
90651
41500
90654
41503
90657
41506
90660
90663
90666
90673
90676
90679
90682
90685
8778
8781
8794
8797
8800
25200
8822
107138
107140
107141
107144
107147
107150
107151
107154
25236
107157
25237
25239
107160
25240
25243
25246
25249
25252
25255
25258
25261
25265
25268
25271
25274
25277
25280
25283
25293
25296
8912
25299
8915
25302
8928
8931
8934
25321
25324
41714
41717
41720
41723
8956
41726
41729
74497
74498
41732
74500
41733
74501
41736
74504
58120
41739
74507
58123
41742
74510
58126
41745
74513
58129
58130
41748
74516
58132
58133
41751
74519
58136
41754
74522
58139
74526
58142
41761
74529
58145
41764
74532
58148
74535
58151
41767
74538
41770
74541
41773
58158
74544
58161
58164
58167
58170
74554
41789
74557
58173
41792
74560
41795
74563
58186
58189
58192
25425
41814
74582
9047
74585
9050
58211
58214
9063
9066
9069
25462
25463
25465
25466
25469
25472
91009
91010
9091
25475
91013
25478
91016
25481
91019
25484
91022
25487
91025
25491
91028
25494
91032
25497
91035
25500
91038
25503
91041
25506
91044
25509
91047
91050
25519
91057
25522
91060
25525
91063
25528
91066
91069
25547
25550
9180
9183
9186
9199
9202
9205
107522
107525
107528
9227
107531
107534
107535
107538
42004
107541
42007
42010
42012
42013
42016
42019
42022
42023
42026
42029
42032
42035
25651
42038
42041
42044
42051
42054
42057
42060
42063
25689
25690
25692
25693
58462
42079
25696
58465
42082
25699
58468
42085
9317
25702
25703
58471
58472
9320
25705
58475
9323
25708
58478
25711
58481
25714
58484
25718
58487
42104
9336
25721
58490
9339
25724
58493
9342
25727
74881
25730
74882
58500
74884
25733
74885
58503
74888
58506
74891
58509
74894
58512
74897
25746
58515
9364
74900
25749
74903
25752
74906
25755
58525
74910
58528
74913
58531
74916
58534
74919
74922
25771
74925
25774
74928
25777
58553
74938
58556
74941
74944
74947
74966
74969
9455
9458
9461
9474
91394
9477
91397
9480
91400
91403
91406
91409
91412
91413
25878
91416
91419
9502
91422
91425
91428
91431
91434
91441
91444
91447
42295
91450
42298
91453
42301
25917
25918
42304
25920
25921
42307
25924
42310
25927
42313
42314
25930
42317
25933
42320
25936
42323
25939
42326
25942
42329
25946
42332
25949
25952
25955
42342
25958
42345
25961
42348
42351
42354
25974
9591
25977
9594
25980
9597
25983
9600
42370
107906
42373
107909
42376
107912
107915
9613
107918
25999
107919
9616
26002
107922
9619
26005
107925
42395
9641
58805
58808
58811
58814
58815
58818
58821
58824
58827
58830
58833
58836
58843
58846
58849
58852
58855
58858
58868
58871
58874
26106
58877
75265
75266
9731
75268
75269
9734
75272
9737
75275
9740
75278
58896
75281
58899
75284
75287
9753
75290
9756
75294
9759
75297
26146
26147
75300
26149
26150
75303
26153
75306
26156
75309
26159
75312
26162
9781
26165
26168
75322
26171
75325
26175
75328
26178
75331
26181
26184
26187
26190
75347
75350
75353
26203
42587
26206
42590
26209
42593
26212
42596
42599
42602
42605
42606
42609
26228
42612
26231
42615
26234
42618
42621
42624
91778
91781
91784
42634
91787
42637
91790
9872
42640
91793
42643
9875
91796
91797
42646
9878
91800
91803
91806
91809
91812
42662
9894
91815
42665
9897
91818
42668
9900
91825
91828
91831
91834
91837
42687
9922
26335
108290
108293
108296
26376
26377
108299
26379
26380
59149
108302
108303
26383
59152
108306
26386
59155
108309
26389
59158
59159
26392
59162
10011
26395
59165
10014
26398
59168
26401
10017
59171
10020
26405
59174
26408
59177
26411
59180
26414
26417
59187
26420
10036
59190
10039
59193
10042
59196
59199
26433
59202
26436
26439
26442
59212
59215
10064
59218
59221
26458
26461
59240
59243
42880
75649
75650
42883
75652
75653
42886
75656
42889
75659
42892
75662
42895
75663
75665
42898
42899
75668
42902
75671
42905
75674
42908
75678
42911
75681
42914
75684
42917
75687
10154
75690
10157
75693
42927
75696
10160
42930
10163
42933
42936
75706
42939
75709
75712
10179
75715
26565
10182
42952
10185
42955
42958
42961
75731
75734
75737
10207
42980
26607
26608
26610
26611
26614
26617
26620
26623
26626
92162
26629
92165
26632
92168
92171
26636
92174
26639
92177
26642
92180
26645
92181
26648
92184
26651
92187
92190
92193
92196
26661
92199
26664
92202
26667
26670
92209
26673
92212
92215
10298
92218
10301
92221
10304
26689
10307
26692
10323
10326
10329
59494
59497
59500
59503
59504
59507
59510
59513
59516
59519
59522
108674
59525
108677
108680
108683
59532
108686
59535
108687
59538
108690
59541
59544
59547
59557
43174
59560
43177
59563
43180
26796
59566
43183
43186
43189
43192
43193
43196
43199
59585
43202
59588
43205
10440
43208
10443
43211
10446
10449
10452
43221
26839
43224
26840
26842
26843
43227
26846
43230
26849
43233
10468
26852
10471
26855
10474
26858
26861
43246
26864
43249
26868
43252
26871
43255
26874
10493
26877
26880
76033
76034
26883
76036
76037
76040
43274
76043
26893
76046
26896
76049
26899
76052
26902
76055
26905
76058
76062
76065
76068
76071
26921
76074
26924
76077
76090
76093
76096
76099
76115
76118
76121
10586
10589
10592
10595
10598
10614
10617
10620
92546
92549
92552
92554
92555
92558
10639
92561
92564
27028
92565
92568
92571
92574
92577
92580
92583
92593
92596
92599
92602
92605
27072
59840
27073
27075
59843
27076
59846
27079
59849
27082
59850
27085
59853
43469
27087
27088
59856
43472
27091
59859
43475
27094
59862
43478
27097
59865
43481
59868
43484
27101
59871
43487
27104
43488
27107
43491
27110
59878
43494
27113
59881
43497
27116
59884
43500
10733
59887
43503
10736
59890
43506
10739
59893
27126
10742
27129
10745
43516
27132
43519
27135
59903
27138
59906
109058
43522
59909
109061
43525
59912
109064
43528
10761
109067
10764
109070
10767
109071
27154
109074
27157
43541
43544
59931
43547
59934
10786
43569
27261
60031
10881
76417
76418
10884
76420
76421
10887
76424
10890
76427
10893
76430
76433
76436
76439
76442
10909
76446
10912
76449
10915
76452
76455
76458
27306
27307
76461
27309
27310
27313
27316
10934
27319
27322
76474
27325
76477
27328
76480
27331
76483
27335
27338
27341
27344
27347
76499
27350
76502
76505
27360
27363
27366
27369
27372
43765
43768
43771
27388
43774
27391
43777
92930
43780
92933
43783
43784
92936
43787
92939
43790
92942
43793
92945
43796
92948
92949
11030
43799
92952
11033
43802
92955
60187
11036
92958
60190
11039
92961
60193
11042
43812
92964
60196
60197
43815
92967
60200
43818
60203
43821
60206
11055
43824
92977
60209
11058
92980
60212
11061
60215
92983
11064
60218
92986
43837
92989
60222
43840
60225
43843
60228
60231
60234
11083
60237
43865
60250
60253
60256
60259
27495
60278
60281
109442
109445
109448
109451
109454
109455
109458
27541
27542
27544
27545
27548
27551
27554
27557
27560
27563
11180
11183
11186
27570
27573
11189
27576
11192
27579
27582
27585
11205
11208
11211
27595
11214
27598
27601
27604
27607
11233
27623
27626
76801
76802
76804
76805
76808
76811
76814
76817
76820
76823
76826
76830
44062
76833
44065
76836
44068
76839
44071
76842
44074
76845
44077
44080
44081
44084
44087
76855
44090
76858
44093
76861
44096
76864
11331
44099
76867
11334
11337
44106
11340
44109
11343
44112
27730
76883
44115
76886
44118
76889
44121
11356
11359
11362
11365
44134
44137
44140
60535
11384
60538
60541
60544
60545
27777
44162
27778
93314
60548
27780
27781
93317
60551
27784
93320
60554
27787
93323
60557
27790
93326
60560
27793
93329
60563
27796
93332
93333
60566
27799
93336
60570
27803
93339
60573
27806
93342
60576
27809
93345
60579
27812
93348
60582
27815
93351
60585
27818
27821
93361
93364
60598
27831
93367
60601
27834
93370
60604
27837
60607
27840
27843
60626
27859
60629
27862
11483
11486
11489
11492
11495
11508
11511
11514
11517
109826
109829
109832
109835
109838
109839
11536
27966
44360
44363
44366
44369
44372
44375
44378
44379
44382
44385
44388
44391
44394
44397
28014
28015
11633
28017
28018
11636
44404
28021
11639
44407
28024
11642
44410
28027
11645
44413
28030
11648
44416
28033
77185
77186
44419
28036
77188
77189
28040
77192
28043
77195
11661
28046
77198
11664
44432
28049
77201
11667
44435
28052
77204
44438
28055
77207
28058
77210
77214
77217
77220
28068
77223
28071
11689
77226
28074
44460
77229
28077
28080
77239
77242
77245
28096
77248
28099
77251
77267
60884
77270
60887
77273
60890
60893
60894
60897
60900
60903
60906
60909
60912
60915
60919
60922
60925
60928
93698
60931
93701
60934
93704
11787
93707
11790
93710
11793
93713
60947
11796
93716
93717
60950
11799
93720
60953
11802
93723
60956
93726
93729
93732
93735
11815
11818
28203
11821
60975
93745
60978
93748
93751
93754
11843
28252
28253
28255
28256
28259
28262
28265
28268
28271
28274
44659
28278
44662
28281
44665
28284
44668
28287
44671
28290
44674
110210
28293
110213
44678
28296
110216
44681
110219
44684
110222
44687
110223
44690
28306
44693
28309
44696
28312
28315
28318
44703
11935
44706
44709
11942
44712
11945
44715
11948
28334
44718
11951
28337
11954
11957
44731
44734
44737
11970
11973
11976
44759
11998
77569
77570
77572
77573
77576
77579
77582
77585
77588
77591
28441
77594
77598
77601
77604
77607
77610
77613
61234
61237
77623
61240
77626
12091
61243
61244
77629
61247
77632
12098
61250
77635
12101
61253
12104
61256
28489
12107
61259
28491
28492
61262
28494
12110
28495
61265
12113
28498
77651
61269
28501
77654
61272
28504
61275
28507
61278
28510
12126
61281
28513
12129
61284
12132
28517
28520
28523
28526
28529
61297
28532
61300
28535
61303
12154
61306
28545
94082
28548
94085
28551
94088
28554
94091
61325
28557
94094
94097
94100
94101
94104
94107
28573
94110
44959
28576
94113
44962
94116
44965
94119
44968
44971
44974
94129
44978
94132
44981
94135
44984
94138
44987
44990
44993
44996
45003
45006
45009
45012
45015
12248
45018
12255
12258
12261
45031
12264
45034
12267
45037
12270
12283
12286
12289
110594
45059
110597
110600
28680
110603
110604
110606
110607
12311
28729
28731
28732
28734
28735
28738
28741
28744
28747
28750
28753
28757
28760
28763
28766
28769
28772
28775
28785
12403
28788
12406
28791
28794
12413
12416
77953
77954
12419
77956
77957
12422
77960
12425
77963
12428
28813
77966
28816
77968
77969
61585
77972
61588
77975
61591
12441
77978
61594
61595
12444
77982
61598
12447
77985
61601
77988
61604
28838
77991
61607
77994
61610
77997
61613
61616
61620
12469
61623
78007
61626
78010
61629
78013
61632
78016
61635
78019
45260
45263
61648
45266
78035
61651
45269
78038
61654
45272
61657
45275
45279
45282
45285
45288
45291
61676
45294
45297
45304
28920
45307
45310
45313
94466
45316
94469
45319
94472
94475
94478
94481
12562
94484
45332
12565
94485
45335
94488
45338
94491
12572
94494
12575
94497
12578
94500
12581
94503
12584
28970
12587
28972
28973
28975
45360
28976
94513
28979
94516
28982
94519
12600
28985
12603
28988
12606
28991
28994
28998
29001
29004
29007
29010
12628
29013
29016
29026
29029
29032
29035
29054
29057
110978
110981
110984
110987
110988
110990
29079
12722
12725
12732
12735
12738
12741
12744
12747
12760
12763
12766
29161
61937
12788
61940
61943
61944
61946
45562
61947
45565
61950
45568
61953
78337
78338
45571
61956
78340
78341
45574
61959
78344
45577
61962
78347
61965
45581
78350
61968
45584
78353
45587
61972
78356
45590
61975
78359
45593
61978
78362
45596
29212
61981
78366
29214
45599
29215
61984
78369
29217
29218
61987
78372
29221
45606
78375
29224
45609
78378
29227
45612
78381
29230
45615
62000
29233
45618
62003
29236
45621
62006
78391
29240
62009
78394
29243
78397
29246
78400
29249
45634
78403
29252
45637
29255
45640
29258
62028
12880
12883
78419
29268
12886
78422
29271
29274
12893
29277
45662
12896
12899
12902
12905
12908
29296
29299
12921
12924
12927
94850
94853
94856
29321
94859
94862
94865
94868
12949
94869
94872
94875
94878
94881
94884
94887
94897
94900
94903
29403
13042
13045
13048
13055
13058
111362
13061
111365
13064
111368
111371
13067
111372
29455
29457
29458
29461
29464
13083
29467
13086
29470
13089
29473
29476
29479
45865
29483
45868
45869
29486
45871
29489
45874
13108
29492
45877
13111
29495
45880
45881
29498
45884
29501
45887
45890
45893
29511
45896
29514
45899
29517
45902
29520
62290
45909
62293
45912
62296
62297
45915
62299
62300
45918
62303
45921
62306
29539
45924
62309
29542
62312
62315
62318
62321
45937
45940
62325
45943
62328
62331
62334
62337
78721
78722
62340
78724
78725
78728
78731
45965
78734
78737
62353
78740
62356
13205
78743
62359
13208
78746
62362
13211
78747
78750
78753
13218
78756
13221
78759
13224
78762
13227
78765
62381
13230
78775
78778
78781
13246
78784
13249
78787
13252
29646
78803
78806
13271
13274
95234
29699
95237
29701
29702
95240
29705
95243
29708
95246
29711
95249
29714
95252
95253
29717
95256
29720
95259
29723
95262
29727
95265
29730
95268
29733
95271
29736
29739
29742
95281
29745
95284
13366
95287
13369
29755
13372
29758
13375
29761
29764
13382
13385
13388
13391
13394
29780
29783
46169
29786
46172
46175
13410
46178
13413
46181
13416
46184
46185
46188
46191
46194
46197
46200
13435
46203
13438
46206
111746
46213
111749
46216
111752
46219
111755
111756
46222
46225
46241
46244
46247
62644
62647
62650
62651
46269
62653
62654
62657
29890
62660
62663
62666
62669
62672
62675
62679
62682
13531
62685
13534
62688
13537
62691
13540
62694
13547
13550
13553
62707
13556
62710
13559
29944
62713
29946
29947
62716
29950
29953
79105
79106
13572
29956
79108
79109
13575
29959
79112
13578
29962
79115
13581
29965
79118
62735
29968
79121
29972
79124
29975
79127
29978
79131
29981
79134
13600
29984
79137
13603
29987
79140
29990
79143
79146
79149
30000
30003
30006
79159
30009
79162
79165
79168
111936
79171
30025
30028
30031
79187
79190
13697
95618
13700
95621
13703
95624
13706
46474
95627
46477
95630
46480
13713
95633
46483
13716
95637
46486
13719
95640
46489
13722
46490
95643
46493
13725
95646
46496
95649
46499
95652
46502
95655
46505
13738
46508
13741
95662
46511
13744
95665
13747
95668
46518
30135
46521
46524
46527
46530
13766
46546
46549
46552
46574
30190
30192
30193
30196
30199
30202
30203
30205
30208
112130
30211
112133
30214
112136
30218
112139
30221
30224
30227
30230
62999
30233
63002
30236
63005
63006
63008
63009
63012
13861
30246
63015
13864
30249
63018
13867
30252
63021
13870
30255
63024
13873
63027
13880
63034
13883
63037
13886
30271
63040
13889
30274
63043
13892
30277
63046
63049
13905
13908
63062
13911
63065
13914
63068
63071
13933
63087
63090
79489
79490
79492
79493
79496
79499
79502
79505
79508
79511
79515
79518
79521
79524
79527
79530
79533
30381
79543
79546
46780
79549
46783
79552
46786
79555
46789
46792
46795
46796
14029
46799
14032
46802
14035
79571
46805
14038
79574
46808
14041
46811
46814
14048
46817
14051
30437
14054
30439
46824
30440
14057
46827
30443
14060
46830
30446
30449
46833
30452
46836
30455
14073
30458
14076
30461
14079
30465
14082
96002
30468
46852
96005
30471
46855
96008
30474
46858
96011
30477
96014
30480
96017
30483
14101
96021
96024
96027
46877
30493
96030
46880
30496
96033
30499
96036
30502
96039
96046
96049
96052
30518
30521
30524
14198
14201
63355
14204
63358
14207
63361
14210
63362
112514
63364
63365
112517
63368
112520
14217
63371
14220
63374
14223
63377
14226
63380
14229
63383
63390
63393
14242
63396
30628
14245
63399
14248
63402
14251
63405
63418
63421
14270
63424
63427
63443
63446
30685
30687
30688
30691
30694
30697
30700
30703
47087
30706
47090
30709
47093
47096
30713
47099
30716
47102
30719
47103
79873
30722
47106
79874
79876
30725
47109
79877
30728
47112
79880
47115
79883
47118
79886
47121
79889
30738
47124
79892
30741
79895
30744
47131
79899
30747
14365
47134
79902
30750
14368
47137
79905
14371
79908
47140
14374
79911
47143
14377
79914
14380
79917
30766
14384
30769
14387
30772
14390
47159
79927
14393
47162
79930
14396
47165
79933
14399
79936
79939
14412
14415
47184
14418
79955
14421
79958
14440
96386
96389
96392
96395
96398
96401
96405
96408
96411
30876
96414
96417
96420
96423
96430
96433
96436
14536
14539
14542
14545
14548
30934
30936
30937
14555
30940
14558
30943
63712
14561
30946
63715
14564
30949
63718
14567
63719
30952
63721
63722
14570
30955
63725
30958
63728
30962
63731
30965
63734
14583
30968
63737
14586
30971
63740
14589
30974
14592
30977
112898
63747
112901
63750
112904
63753
30987
63756
30990
63759
30993
63762
14611
30996
30999
63775
63778
47395
63781
47398
31015
63784
47401
31018
47404
31021
47407
47410
47411
47414
63800
47417
63803
47420
47423
47426
47429
47432
47439
47442
47445
47448
47451
47467
47470
47473
14708
14711
14714
14717
14720
80257
80258
47492
80260
80261
14727
80264
14730
80267
14733
80270
14736
80273
14739
80276
31125
14742
80279
80283
80286
80289
14755
80292
14758
80295
14761
80298
14764
80301
80311
80314
80317
14783
80320
80323
31184
31186
80339
31187
80342
31190
31193
31196
31199
31202
31205
31208
31212
31215
31218
31221
31224
31227
96770
96773
31237
96776
31240
96779
31243
96782
31246
96785
31249
96789
96792
96795
96798
14878
96801
31265
14881
96804
31268
14884
96807
31271
14887
14890
14893
96814
96817
14900
14903
14906
14909
14912
14915
64070
64073
64076
64077
64079
14928
64080
14931
64083
14934
64086
47704
14937
64089
47707
64092
47709
47710
64095
47713
64098
47716
47719
47720
64105
47723
14956
64108
47726
64111
47729
64114
47732
64117
47735
64120
47738
47741
113282
47748
64133
113285
47751
64136
113288
47754
64139
47757
64142
31375
47760
47773
64158
47776
64161
47779
47782
47801
31435
15052
31437
31438
15055
31441
15058
31444
15061
31447
15064
31450
15067
31453
31456
15074
31459
15077
31463
15080
31466
15083
31469
15086
31472
15089
31475
31478
15102
31488
15105
80641
80642
31491
15108
80644
80645
31494
15111
80648
31497
80651
31500
80654
80657
80660
80663
15130
80667
31516
80670
31519
80673
31522
80676
80679
80682
80685
80695
80698
80701
80704
80707
80723
80726
15227
15230
15233
97154
15236
97157
15239
97160
15242
31626
97163
97166
48014
15249
97169
48017
15252
48020
97173
15255
48023
97176
15258
48026
97179
15261
48029
97182
48030
15264
97185
48033
97188
48036
97191
48039
48042
48045
15277
64429
97198
48048
15280
64432
97201
48051
15283
64435
64436
64438
64439
48058
64442
48061
64445
48064
64448
64451
48067
64454
48070
31687
15305
64457
31689
31690
31693
64464
31696
64467
48083
31699
31701
64470
48086
31702
64473
48089
31705
64476
48092
31708
64479
31711
31715
31718
31721
64489
31724
64492
48111
31727
64495
31730
64498
64501
31740
31743
31746
113666
64517
31749
113669
64520
31752
31768
31771
15400
15403
15406
15409
15412
15415
15418
15425
15428
15431
15434
15437
15440
15453
15456
15459
15481
81025
81026
81028
81029
31878
81032
81035
81038
81041
81044
81047
81051
81054
81057
81060
81063
81066
81069
81079
81082
81085
81088
31940
48325
31942
31943
48328
31946
48331
31949
48334
31952
48337
81107
31955
48340
48341
81110
31958
48344
15576
31961
15577
48347
31964
15580
31965
48350
15583
31968
48353
15586
31971
48356
15589
31974
48359
15592
31977
48362
15595
31980
31983
48369
15602
48372
15605
48375
15608
31993
48378
15611
31996
48381
15614
31999
15617
32002
97538
32005
97541
97542
97544
48394
97547
48397
15630
97550
48400
15633
97553
48403
15636
32021
97557
64789
32024
97560
64792
97563
64795
64796
97566
64798
64799
97569
64802
97572
64805
48422
97575
64808
15658
64811
97582
64814
97585
64817
64824
64827
64830
64833
64836
64839
64849
64852
64855
64858
64877
64880
114050
32131
114053
15755
15758
15761
15764
15767
15770
15773
15780
15783
15786
15789
15792
15795
15808
32194
15811
32196
32197
15814
32200
32203
32206
32209
32212
32215
15833
32218
32219
15836
32222
32225
32228
32231
32234
32237
32247
32250
32253
48637
32256
48640
81409
81410
32259
48643
81412
81413
48646
81416
48649
81419
48652
48653
81422
48656
81425
32275
48659
81428
32278
48662
81431
48665
81435
48668
81438
48671
81441
48674
81444
81447
48681
81450
48684
81453
48687
48690
48693
81463
81466
15931
81469
15934
81472
15937
48706
15940
48709
15943
48712
15946
48715
15949
15952
81488
81491
81494
15959
15962
15965
48734
15968
15971
15974
15987
15990
15993
65150
65153
32385
97922
65156
65157
97925
65159
65160
97928
65163
97931
16012
65166
97934
16015
65169
97937
97938
65172
97941
65175
97944
65178
97947
97950
65185
97953
65188
97956
65191
97959
65194
65197
97966
65200
65210
65213
65216
32449
65219
32451
32452
32455
32458
32461
32464
32467
65238
32470
65241
32473
32474
32477
32480
32483
32486
32489
32492
16110
16111
16114
16117
32502
16120
32505
16123
32508
16126
32511
16129
114433
32514
114434
16132
114437
16139
16142
16145
32530
16148
32533
16151
16154
16167
16170
16173
48950
48953
48956
48959
16192
48962
16195
48965
48966
48969
48972
48975
48978
48981
48984
48994
48997
49000
49003
49006
49019
49022
32640
49025
81793
81794
49028
81796
81797
81800
81803
81806
81809
81812
49047
81815
81819
81822
81825
16291
81828
16292
81831
16295
81834
16298
81837
16301
16304
16307
16310
81847
16313
81850
81853
16320
81856
32705
16323
32707
32708
16326
32711
16329
32714
16332
32717
16335
81872
32720
81875
32723
81878
32726
32730
16348
32733
16351
32736
16354
32739
32742
65512
32745
65515
32748
65518
65519
65521
65522
16373
65525
32758
16376
65528
32761
65531
32764
65534
32767
)


// ************************************************************************* //
