/*--------------------------------*- C++ -*----------------------------------*\
| =========                 |                                                 |
| \\      /  F ield         | OpenFOAM: The Open Source CFD Toolbox           |
|  \\    /   O peration     | Version:  v2106                                 |
|   \\  /    A nd           | Website:  www.openfoam.com                      |
|    \\/     M anipulation  |                                                 |
\*---------------------------------------------------------------------------*/
FoamFile
{
    version     2.0;
    format      ascii;
    arch        "LSB;label=32;scalar=64";
    class       faceSet;
    location    "constant/polyMesh/sets";
    object      nonOrthoFaces;
}
// * * * * * * * * * * * * * * * * * * * * * * * * * * * * * * * * * * * * * //


1317
(
344066
344074
344080
344084
278582
360518
295024
295026
295028
295030
295032
295034
295038
295040
295048
295052
295054
311492
311494
311498
311500
311502
311504
311510
311512
311514
327966
327972
327974
327980
327982
344434
344436
344440
278942
278944
278946
278954
295406
295408
295412
295418
295420
295422
295424
295426
295428
311876
311880
311882
311884
311886
311888
311890
311902
311908
311910
328344
328350
328352
328354
328364
328372
344814
344820
344822
344830
344832
344834
344854
279336
295790
295794
295796
295800
295802
295806
295814
295816
312260
312262
312274
312276
312278
312282
312284
328730
328732
328734
328742
328748
345196
345200
345204
345206
279710
279712
361666
296172
296176
296180
296184
296192
296196
296210
312642
312644
312648
312652
312658
312664
312666
329110
329112
329114
329116
329118
329120
329124
329136
345580
345582
345584
345590
345594
345596
345600
280100
296556
296558
296560
296562
296564
296568
296572
296576
296580
296582
296588
313024
313026
313042
313044
329494
329496
329500
329514
329516
345962
345964
345966
345968
345970
345974
280488
296944
296946
296948
296954
296956
296958
313410
313414
313418
313422
313426
313428
313430
313432
313438
313440
329878
329880
329882
329884
329890
329892
329894
346346
346350
346352
346358
346360
346362
346370
362822
297322
297324
297328
297330
297334
297336
297338
297344
297348
297350
313790
313792
313794
313798
313800
313806
313808
313820
330260
330262
330264
330268
330270
330272
330274
330282
346728
346736
346738
281236
281242
281252
297710
297712
297714
297716
297718
297738
297744
314178
314180
314184
314186
314188
314190
314196
314200
314208
330642
330644
330650
330656
330658
347112
347116
347122
347132
347144
347146
281632
281638
281640
281642
363584
298088
298090
298092
298096
298100
298102
298106
298110
298112
298116
314556
314558
314562
314564
314568
314570
314580
314584
314586
331028
331030
331032
331034
331038
331042
331044
331050
347512
282006
282008
282010
282012
282014
282016
298476
298478
298480
298486
298488
298490
298502
298504
314940
314948
314950
314952
314954
314956
314964
314974
331408
331410
331412
331418
331420
331422
331424
331432
347886
347888
347900
282404
282406
364352
298854
298856
298858
298860
298866
298868
298870
298880
315322
315328
315330
315332
315342
331792
331794
331796
331798
331802
331806
331808
348260
348262
282768
282770
282772
282776
282778
282782
299236
299242
299244
299246
299248
299252
299258
299260
299268
299270
299272
315708
315710
315714
315718
315720
315722
315728
315730
332174
332176
332178
332180
332184
332186
332196
348652
348654
348664
348668
348682
283168
283170
283176
299622
299624
299626
299628
299634
299638
299642
299648
299654
316092
316094
316102
316104
316110
316118
332560
332562
332566
332568
332570
332572
349030
283538
283540
283542
283544
300002
300004
300006
300008
300012
300016
300018
300020
300024
300028
300030
300036
316478
316488
316492
316508
332940
332942
332944
332948
332950
332962
267448
267452
349412
349432
283922
283926
283934
283944
283946
365882
300386
300388
300390
300394
300396
300404
300406
300408
300410
300412
300416
316854
316858
316868
316872
316874
316878
333324
333326
333328
333330
333332
333334
333336
333338
333348
333354
333356
284300
284306
300768
300770
300772
300774
300776
300782
300784
300790
300792
317238
317240
317246
317266
333706
268216
350180
350194
350196
284704
301152
301154
301156
301158
301160
301162
301172
301174
301176
301180
317622
317626
317628
317630
317636
317638
317640
317644
334090
334094
334096
334098
334100
334116
350560
285066
285070
301536
301540
301548
301550
301558
318004
318006
318008
318010
318014
318016
318028
318034
318040
334472
334478
334480
334486
334488
334496
350942
350946
350958
350962
350972
285456
285458
301918
301920
301922
301924
301926
301928
301930
301938
301940
301942
301946
301948
318390
318392
318394
318398
318400
318408
318414
334856
334858
334864
334868
334870
334874
334878
334886
285834
302300
302302
302304
302306
302310
302312
302314
318774
318778
318780
318784
318786
318788
318790
318800
318802
335240
335242
335248
335252
269746
269754
351710
351714
351718
351726
351730
351744
286220
286222
286224
286226
286228
286234
368178
302684
302686
302690
302692
302694
302696
302698
302712
302714
319154
319158
319162
319164
319168
319174
335624
335628
335632
335636
335638
335640
335642
352090
352094
352096
352108
286598
303066
303068
303070
303072
303074
303078
303080
303082
319536
319540
319542
319548
319554
319556
319558
336004
336006
336010
336012
336014
336016
336032
352486
352492
352494
352506
286982
286984
286986
286988
286992
286994
286998
287000
287004
287006
287010
303452
303454
303456
303460
303462
303464
303466
303468
303470
303476
319918
319922
319924
319926
319932
319938
319940
336388
336390
336392
336394
336398
336400
336402
336404
336408
336412
287366
287374
303834
303836
303838
303840
303842
303844
303846
303852
303858
320308
320318
320328
336770
336776
336784
271278
271284
353260
353262
353268
353272
287746
287754
287756
287760
287764
287770
287776
304216
304220
304222
304224
304226
304228
304230
304232
304234
304244
320684
320686
320688
320690
320694
320696
320698
320700
320710
320712
337154
337156
337158
337162
337164
337166
337168
337170
337174
337176
353624
288130
288140
288146
288148
304598
304602
304604
304608
304616
304630
321072
321074
321076
321084
321086
321100
337536
337560
272044
272046
272050
272052
272056
354026
354028
354036
354038
288512
288516
288518
288520
288522
288524
288528
288530
304984
304986
304988
304990
304994
304996
304998
305000
305002
305006
305020
321458
321460
321462
321464
321470
321476
321484
337920
337922
337924
337926
337928
337930
337932
337934
337938
337940
337956
288896
288900
288902
305366
305368
305372
305374
305376
305380
305382
305384
305394
321840
321842
321844
321846
321848
321850
321852
321854
338304
338306
338310
272812
272814
272818
272820
272824
354772
354794
354802
354804
289280
289282
289284
289286
289288
289292
289294
289302
305748
305750
305752
305754
305756
305762
305764
305770
305786
322218
322220
322228
322244
322248
338686
338688
338690
338694
338696
338700
338704
338708
338712
338714
355154
289664
289666
289668
289672
306132
306136
306140
306144
306146
306148
306152
306154
306158
306160
306162
322600
322602
322610
322614
322616
322618
322620
322624
339068
339070
339074
339080
339086
339090
273576
273580
273582
273586
273588
273592
355538
355540
355556
355560
355562
355566
355570
290048
290052
290054
290056
290058
290060
290062
290066
290068
290070
290072
306514
306516
306518
306520
306524
306526
306528
306534
306536
306538
306554
322982
322984
322990
322992
322994
323006
323012
339452
339454
339456
339462
339464
339468
339472
339478
339480
290432
290436
290438
290440
306896
306898
306902
306908
306910
306912
306916
306922
306924
323366
323368
323370
323372
323374
323378
323384
323386
323388
323394
339834
339836
339838
339846
274344
274348
274354
274356
356334
356338
290816
290818
290826
290828
290836
307280
307282
307292
307294
307296
307298
307300
307302
307304
307316
307320
323748
323750
323756
323760
340220
340226
340228
340230
340238
340246
340248
291196
291200
291206
291208
291210
291212
291214
307662
307664
307666
307668
307670
307672
307674
307676
307678
307684
307686
307688
324134
324140
324142
324150
324152
324154
340602
340606
340608
340610
340612
275108
275112
275116
275122
357098
357102
291582
291584
291586
291590
291592
291594
291596
291598
291600
291602
308046
308048
308054
308056
308060
308062
308074
308078
308082
308084
308086
324514
324530
340984
340990
340994
340996
341002
341004
341006
275520
291960
291964
291968
291980
291982
291986
308428
308430
308432
308440
308442
308444
308446
308452
324898
324900
324902
324904
324924
324926
341368
275874
275876
275880
275888
357864
357866
292350
292352
292354
292360
292364
308812
308814
308816
308822
308824
308830
325286
325288
325294
325298
325302
325304
325306
325308
341750
341758
341766
341772
341776
276274
358218
358226
292726
292736
292740
292748
292750
292752
309194
309198
309202
309204
309206
309208
309210
309214
309216
325666
325668
325670
325672
325680
325684
325692
342134
342136
342144
276642
276644
276650
358622
293116
293118
293122
293128
309580
309582
309586
309590
309592
309600
326046
326048
326054
326056
326058
326062
326068
342516
342518
342522
342526
342544
342548
342550
277038
277042
277048
293504
293506
293508
293514
293516
293518
293520
309962
309964
309966
309972
309974
309976
309982
309986
309992
326430
326432
326434
326436
326440
326442
326444
326448
326454
326456
342898
342900
342902
342904
342906
342914
277406
277408
277410
277414
277416
293874
293880
293886
293890
293892
293894
293896
310346
310348
310350
310352
310354
310356
310362
310364
310370
310372
310374
310376
326812
326818
326820
326822
326826
326830
326838
343286
343294
343296
343306
343310
343316
277812
294258
294260
294262
294264
294272
294274
294286
310726
310728
310730
310736
310738
310756
327196
327200
327202
327204
327206
327210
327212
327218
343664
343670
343678
278176
278184
294640
294642
294644
294648
294654
294658
294660
311110
311112
311116
311120
311122
311134
311138
311142
327584
327586
327588
327594
327596
344048
344058
344062
)


// ************************************************************************* //
