/*--------------------------------*- C++ -*----------------------------------*\ 
| =========                 |                                                 | 
| \\      /  F ield         | OpenFOAM: The Open Source CFD Toolbox           | 
|  \\    /   O peration     | Version:  v2106                                 | 
|   \\  /    A nd           | Website:  www.openfoam.com                      | 
|    \\/     M anipulation  |                                                 | 
\*---------------------------------------------------------------------------*/ 
FoamFile 
{ 
    version     2.0; 
    format      ascii; 
    class       dictionary; 
    object      DNSDict_; 
} 
// * * * * * * * * * * * * * * * * * * * * * * * * * * * * * * * * * * * * * // 
chitmp
(
    0.000000e+00
    5.000000e-02
    1.000000e-01
    1.500000e-01
    2.000000e-01
    2.500000e-01
    3.000000e-01
    3.500000e-01
    4.000000e-01
    4.500000e-01
    5.000000e-01
    5.500000e-01
    6.000000e-01
    6.500000e-01
    7.000000e-01
    7.500000e-01
    8.000000e-01
    8.500000e-01
    9.000000e-01
    9.500000e-01
    1.000000e+00
    1.050000e+00
    1.100000e+00
    1.150000e+00
    1.200000e+00
    1.250000e+00
    1.300000e+00
    1.350000e+00
    1.400000e+00
    1.450000e+00
    1.500000e+00
    1.550000e+00
    1.600000e+00
    1.650000e+00
    1.700000e+00
    1.750000e+00
    1.800000e+00
    1.850000e+00
    1.900000e+00
    1.950000e+00
    2.000000e+00
    2.050000e+00
    2.100000e+00
    2.150000e+00
    2.200000e+00
    2.250000e+00
    2.300000e+00
    2.350000e+00
    2.400000e+00
    2.450000e+00
    2.500000e+00
    2.550000e+00
    2.600000e+00
    2.650000e+00
    2.700000e+00
    2.750000e+00
    2.800000e+00
    2.850000e+00
    2.900000e+00
    2.950000e+00
    3.000000e+00
    3.050000e+00
    3.100000e+00
    3.150000e+00
    3.200000e+00
    3.250000e+00
    3.300000e+00
    3.350000e+00
    3.400000e+00
    3.450000e+00
    3.500000e+00
    3.550000e+00
    3.600000e+00
    3.650000e+00
    3.700000e+00
    3.750000e+00
    3.800000e+00
    3.850000e+00
    3.900000e+00
    3.950000e+00
    4.000000e+00
    4.050000e+00
    4.100000e+00
    4.150000e+00
    4.200000e+00
    4.250000e+00
    4.300000e+00
    4.350000e+00
    4.400000e+00
    4.450000e+00
    4.500000e+00
    4.550000e+00
    4.600000e+00
    4.650000e+00
    4.700000e+00
    4.750000e+00
    4.800000e+00
    4.850000e+00
    4.900000e+00
    4.950000e+00
    5.000000e+00
    5.050000e+00
    5.100000e+00
    5.150000e+00
    5.200000e+00
    5.250000e+00
    5.300000e+00
    5.350000e+00
    5.400000e+00
    5.450000e+00
    5.500000e+00
    5.550000e+00
    5.600000e+00
    5.650000e+00
    5.700000e+00
    5.750000e+00
    5.800000e+00
    5.850000e+00
    5.900000e+00
    5.950000e+00
    6.000000e+00
    6.050000e+00
    6.100000e+00
    6.150000e+00
    6.200000e+00
    6.250000e+00
    6.300000e+00
    6.350000e+00
    6.400000e+00
    6.450000e+00
    6.500000e+00
    6.550000e+00
    6.600000e+00
    6.650000e+00
    6.700000e+00
    6.750000e+00
    6.800000e+00
    6.850000e+00
    6.900000e+00
    6.950000e+00
    7.000000e+00
    7.050000e+00
    7.100000e+00
    7.150000e+00
    7.200000e+00
    7.250000e+00
    7.300000e+00
    7.350000e+00
    7.400000e+00
    7.450000e+00
    7.500000e+00
    7.550000e+00
    7.600000e+00
    7.650000e+00
    7.700000e+00
    7.750000e+00
    7.800000e+00
    7.850000e+00
    7.900000e+00
    7.950000e+00
    8.000000e+00
    8.050000e+00
    8.100000e+00
    8.150000e+00
    8.200000e+00
    8.250000e+00
    8.300000e+00
    8.350000e+00
    8.400000e+00
    8.450000e+00
    8.500000e+00
    8.550000e+00
    8.600000e+00
    8.650000e+00
    8.700000e+00
    8.750000e+00
    8.800000e+00
    8.850000e+00
    8.900000e+00
    8.950000e+00
    9.000000e+00
    9.050000e+00
    9.100000e+00
    9.150000e+00
    9.200000e+00
    9.250000e+00
    9.300000e+00
    9.350000e+00
    9.400000e+00
    9.450000e+00
    9.500000e+00
    9.550000e+00
    9.600000e+00
    9.650000e+00
    9.700000e+00
    9.750000e+00
    9.800000e+00
    9.850000e+00
    9.900000e+00
    9.950000e+00
    1.000000e+01
    1.005000e+01
    1.010000e+01
    1.015000e+01
    1.020000e+01
    1.025000e+01
    1.030000e+01
    1.035000e+01
    1.040000e+01
    1.045000e+01
    1.050000e+01
    1.055000e+01
    1.060000e+01
    1.065000e+01
    1.070000e+01
    1.075000e+01
    1.080000e+01
    1.085000e+01
    1.090000e+01
    1.095000e+01
    1.100000e+01
    1.105000e+01
    1.110000e+01
    1.115000e+01
    1.120000e+01
    1.125000e+01
    1.130000e+01
    1.135000e+01
    1.140000e+01
    1.145000e+01
    1.150000e+01
    1.155000e+01
    1.160000e+01
    1.165000e+01
    1.170000e+01
    1.175000e+01
    1.180000e+01
    1.185000e+01
    1.190000e+01
    1.195000e+01
    1.200000e+01
    1.205000e+01
    1.210000e+01
    1.215000e+01
    1.220000e+01
    1.225000e+01
    1.230000e+01
    1.235000e+01
    1.240000e+01
    1.245000e+01
    1.250000e+01
    1.255000e+01
    1.260000e+01
    1.265000e+01
    1.270000e+01
    1.275000e+01
    1.280000e+01
    1.285000e+01
    1.290000e+01
    1.295000e+01
    1.300000e+01
    1.305000e+01
    1.310000e+01
    1.315000e+01
    1.320000e+01
    1.325000e+01
    1.330000e+01
    1.335000e+01
    1.340000e+01
    1.345000e+01
    1.350000e+01
    1.355000e+01
    1.360000e+01
    1.365000e+01
    1.370000e+01
    1.375000e+01
    1.380000e+01
    1.385000e+01
    1.390000e+01
    1.395000e+01
    1.400000e+01
    1.405000e+01
    1.410000e+01
    1.415000e+01
    1.420000e+01
    1.425000e+01
    1.430000e+01
    1.435000e+01
    1.440000e+01
    1.445000e+01
    1.450000e+01
    1.455000e+01
    1.460000e+01
    1.465000e+01
    1.470000e+01
    1.475000e+01
    1.480000e+01
    1.485000e+01
    1.490000e+01
    1.495000e+01
    1.500000e+01
    1.505000e+01
    1.510000e+01
    1.515000e+01
    1.520000e+01
    1.525000e+01
    1.530000e+01
    1.535000e+01
    1.540000e+01
    1.545000e+01
    1.550000e+01
    1.555000e+01
    1.560000e+01
    1.565000e+01
    1.570000e+01
    1.575000e+01
    1.580000e+01
    1.585000e+01
    1.590000e+01
    1.595000e+01
    1.600000e+01
    1.605000e+01
    1.610000e+01
    1.615000e+01
    1.620000e+01
    1.625000e+01
    1.630000e+01
    1.635000e+01
    1.640000e+01
    1.645000e+01
    1.650000e+01
    1.655000e+01
    1.660000e+01
    1.665000e+01
    1.670000e+01
    1.675000e+01
    1.680000e+01
    1.685000e+01
    1.690000e+01
    1.695000e+01
    1.700000e+01
    1.705000e+01
    1.710000e+01
    1.715000e+01
    1.720000e+01
    1.725000e+01
    1.730000e+01
    1.735000e+01
    1.740000e+01
    1.745000e+01
    1.750000e+01
    1.755000e+01
    1.760000e+01
    1.765000e+01
    1.770000e+01
    1.775000e+01
    1.780000e+01
    1.785000e+01
    1.790000e+01
    1.795000e+01
    1.800000e+01
    1.805000e+01
    1.810000e+01
    1.815000e+01
    1.820000e+01
    1.825000e+01
    1.830000e+01
    1.835000e+01
    1.840000e+01
    1.845000e+01
    1.850000e+01
    1.855000e+01
    1.860000e+01
    1.865000e+01
    1.870000e+01
    1.875000e+01
    1.880000e+01
    1.885000e+01
    1.890000e+01
    1.895000e+01
    1.900000e+01
    1.905000e+01
    1.910000e+01
    1.915000e+01
    1.920000e+01
    1.925000e+01
    1.930000e+01
    1.935000e+01
    1.940000e+01
    1.945000e+01
    1.950000e+01
    1.955000e+01
    1.960000e+01
    1.965000e+01
    1.970000e+01
    1.975000e+01
    1.980000e+01
    1.985000e+01
    1.990000e+01
    1.995000e+01
    2.000000e+01
    2.005000e+01
    2.010000e+01
    2.015000e+01
    2.020000e+01
    2.025000e+01
    2.030000e+01
    2.035000e+01
    2.040000e+01
    2.045000e+01
    2.050000e+01
    2.055000e+01
    2.060000e+01
    2.065000e+01
    2.070000e+01
    2.075000e+01
    2.080000e+01
    2.085000e+01
    2.090000e+01
    2.095000e+01
    2.100000e+01
    2.105000e+01
    2.110000e+01
    2.115000e+01
    2.120000e+01
    2.125000e+01
    2.130000e+01
    2.135000e+01
    2.140000e+01
    2.145000e+01
    2.150000e+01
    2.155000e+01
    2.160000e+01
    2.165000e+01
    2.170000e+01
    2.175000e+01
    2.180000e+01
    2.185000e+01
    2.190000e+01
    2.195000e+01
    2.200000e+01
    2.205000e+01
    2.210000e+01
    2.215000e+01
    2.220000e+01
    2.225000e+01
    2.230000e+01
    2.235000e+01
    2.240000e+01
    2.245000e+01
    2.250000e+01
    2.255000e+01
    2.260000e+01
    2.265000e+01
    2.270000e+01
    2.275000e+01
    2.280000e+01
    2.285000e+01
    2.290000e+01
    2.295000e+01
    2.300000e+01
    2.305000e+01
    2.310000e+01
    2.315000e+01
    2.320000e+01
    2.325000e+01
    2.330000e+01
    2.335000e+01
    2.340000e+01
    2.345000e+01
    2.350000e+01
    2.355000e+01
    2.360000e+01
    2.365000e+01
    2.370000e+01
    2.375000e+01
    2.380000e+01
    2.385000e+01
    2.390000e+01
    2.395000e+01
    2.400000e+01
    2.405000e+01
    2.410000e+01
    2.415000e+01
    2.420000e+01
    2.425000e+01
    2.430000e+01
    2.435000e+01
    2.440000e+01
    2.445000e+01
    2.450000e+01
    2.455000e+01
    2.460000e+01
    2.465000e+01
    2.470000e+01
    2.475000e+01
    2.480000e+01
    2.485000e+01
    2.490000e+01
    2.495000e+01
    2.500000e+01
    2.505000e+01
    2.510000e+01
    2.515000e+01
    2.520000e+01
    2.525000e+01
    2.530000e+01
    2.535000e+01
    2.540000e+01
    2.545000e+01
    2.550000e+01
    2.555000e+01
    2.560000e+01
    2.565000e+01
    2.570000e+01
    2.575000e+01
    2.580000e+01
    2.585000e+01
    2.590000e+01
    2.595000e+01
    2.600000e+01
    2.605000e+01
    2.610000e+01
    2.615000e+01
    2.620000e+01
    2.625000e+01
    2.630000e+01
    2.635000e+01
    2.640000e+01
    2.645000e+01
    2.650000e+01
    2.655000e+01
    2.660000e+01
    2.665000e+01
    2.670000e+01
    2.675000e+01
    2.680000e+01
    2.685000e+01
    2.690000e+01
    2.695000e+01
    2.700000e+01
    2.705000e+01
    2.710000e+01
    2.715000e+01
    2.720000e+01
    2.725000e+01
    2.730000e+01
    2.735000e+01
    2.740000e+01
    2.745000e+01
    2.750000e+01
    2.755000e+01
    2.760000e+01
    2.765000e+01
    2.770000e+01
    2.775000e+01
    2.780000e+01
    2.785000e+01
    2.790000e+01
    2.795000e+01
    2.800000e+01
    2.805000e+01
    2.810000e+01
    2.815000e+01
    2.820000e+01
    2.825000e+01
    2.830000e+01
    2.835000e+01
    2.840000e+01
    2.845000e+01
    2.850000e+01
    2.855000e+01
    2.860000e+01
    2.865000e+01
    2.870000e+01
    2.875000e+01
    2.880000e+01
    2.885000e+01
    2.890000e+01
    2.895000e+01
    2.900000e+01
    2.905000e+01
    2.910000e+01
    2.915000e+01
    2.920000e+01
    2.925000e+01
    2.930000e+01
    2.935000e+01
    2.940000e+01
    2.945000e+01
    2.950000e+01
    2.955000e+01
    2.960000e+01
    2.965000e+01
    2.970000e+01
    2.975000e+01
    2.980000e+01
    2.985000e+01
    2.990000e+01
    2.995000e+01
    3.000000e+01
    3.005000e+01
    3.010000e+01
    3.015000e+01
    3.020000e+01
    3.025000e+01
    3.030000e+01
    3.035000e+01
    3.040000e+01
    3.045000e+01
    3.050000e+01
    3.055000e+01
    3.060000e+01
    3.065000e+01
    3.070000e+01
    3.075000e+01
    3.080000e+01
    3.085000e+01
    3.090000e+01
    3.095000e+01
    3.100000e+01
    3.105000e+01
    3.110000e+01
    3.115000e+01
    3.120000e+01
    3.125000e+01
    3.130000e+01
    3.135000e+01
    3.140000e+01
    3.145000e+01
    3.150000e+01
    3.155000e+01
    3.160000e+01
    3.165000e+01
    3.170000e+01
    3.175000e+01
    3.180000e+01
    3.185000e+01
    3.190000e+01
    3.195000e+01
    3.200000e+01
    3.205000e+01
    3.210000e+01
    3.215000e+01
    3.220000e+01
    3.225000e+01
    3.230000e+01
    3.235000e+01
    3.240000e+01
    3.245000e+01
    3.250000e+01
    3.255000e+01
    3.260000e+01
    3.265000e+01
    3.270000e+01
    3.275000e+01
    3.280000e+01
    3.285000e+01
    3.290000e+01
    3.295000e+01
    3.300000e+01
    3.305000e+01
    3.310000e+01
    3.315000e+01
    3.320000e+01
    3.325000e+01
    3.330000e+01
    3.335000e+01
    3.340000e+01
    3.345000e+01
    3.350000e+01
    3.355000e+01
    3.360000e+01
    3.365000e+01
    3.370000e+01
    3.375000e+01
    3.380000e+01
    3.385000e+01
    3.390000e+01
    3.395000e+01
    3.400000e+01
    3.405000e+01
    3.410000e+01
    3.415000e+01
    3.420000e+01
    3.425000e+01
    3.430000e+01
    3.435000e+01
    3.440000e+01
    3.445000e+01
    3.450000e+01
    3.455000e+01
    3.460000e+01
    3.465000e+01
    3.470000e+01
    3.475000e+01
    3.480000e+01
    3.485000e+01
    3.490000e+01
    3.495000e+01
    3.500000e+01
    3.505000e+01
    3.510000e+01
    3.515000e+01
    3.520000e+01
    3.525000e+01
    3.530000e+01
    3.535000e+01
    3.540000e+01
    3.545000e+01
    3.550000e+01
    3.555000e+01
    3.560000e+01
    3.565000e+01
    3.570000e+01
    3.575000e+01
    3.580000e+01
    3.585000e+01
    3.590000e+01
    3.595000e+01
    3.600000e+01
    3.605000e+01
    3.610000e+01
    3.615000e+01
    3.620000e+01
    3.625000e+01
    3.630000e+01
    3.635000e+01
    3.640000e+01
    3.645000e+01
    3.650000e+01
    3.655000e+01
    3.660000e+01
    3.665000e+01
    3.670000e+01
    3.675000e+01
    3.680000e+01
    3.685000e+01
    3.690000e+01
    3.695000e+01
    3.700000e+01
    3.705000e+01
    3.710000e+01
    3.715000e+01
    3.720000e+01
    3.725000e+01
    3.730000e+01
    3.735000e+01
    3.740000e+01
    3.745000e+01
    3.750000e+01
    3.755000e+01
    3.760000e+01
    3.765000e+01
    3.770000e+01
    3.775000e+01
    3.780000e+01
    3.785000e+01
    3.790000e+01
    3.795000e+01
    3.800000e+01
    3.805000e+01
    3.810000e+01
    3.815000e+01
    3.820000e+01
    3.825000e+01
    3.830000e+01
    3.835000e+01
    3.840000e+01
    3.845000e+01
    3.850000e+01
    3.855000e+01
    3.860000e+01
    3.865000e+01
    3.870000e+01
    3.875000e+01
    3.880000e+01
    3.885000e+01
    3.890000e+01
    3.895000e+01
    3.900000e+01
    3.905000e+01
    3.910000e+01
    3.915000e+01
    3.920000e+01
    3.925000e+01
    3.930000e+01
    3.935000e+01
    3.940000e+01
    3.945000e+01
    3.950000e+01
    3.955000e+01
    3.960000e+01
    3.965000e+01
    3.970000e+01
    3.975000e+01
    3.980000e+01
    3.985000e+01
    3.990000e+01
    3.995000e+01
    4.000000e+01
    4.005000e+01
    4.010000e+01
    4.015000e+01
    4.020000e+01
    4.025000e+01
    4.030000e+01
    4.035000e+01
    4.040000e+01
    4.045000e+01
    4.050000e+01
    4.055000e+01
    4.060000e+01
    4.065000e+01
    4.070000e+01
    4.075000e+01
    4.080000e+01
    4.085000e+01
    4.090000e+01
    4.095000e+01
    4.100000e+01
    4.105000e+01
    4.110000e+01
    4.115000e+01
    4.120000e+01
    4.125000e+01
    4.130000e+01
    4.135000e+01
    4.140000e+01
    4.145000e+01
    4.150000e+01
    4.155000e+01
    4.160000e+01
    4.165000e+01
    4.170000e+01
    4.175000e+01
    4.180000e+01
    4.185000e+01
    4.190000e+01
    4.195000e+01
    4.200000e+01
    4.205000e+01
    4.210000e+01
    4.215000e+01
    4.220000e+01
    4.225000e+01
    4.230000e+01
    4.235000e+01
    4.240000e+01
    4.245000e+01
    4.250000e+01
    4.255000e+01
    4.260000e+01
    4.265000e+01
    4.270000e+01
    4.275000e+01
    4.280000e+01
    4.285000e+01
    4.290000e+01
    4.295000e+01
    4.300000e+01
    4.305000e+01
    4.310000e+01
    4.315000e+01
    4.320000e+01
    4.325000e+01
    4.330000e+01
    4.335000e+01
    4.340000e+01
    4.345000e+01
    4.350000e+01
    4.355000e+01
    4.360000e+01
    4.365000e+01
    4.370000e+01
    4.375000e+01
    4.380000e+01
    4.385000e+01
    4.390000e+01
    4.395000e+01
    4.400000e+01
    4.405000e+01
    4.410000e+01
    4.415000e+01
    4.420000e+01
    4.425000e+01
    4.430000e+01
    4.435000e+01
    4.440000e+01
    4.445000e+01
    4.450000e+01
    4.455000e+01
    4.460000e+01
    4.465000e+01
    4.470000e+01
    4.475000e+01
    4.480000e+01
    4.485000e+01
    4.490000e+01
    4.495000e+01
    4.500000e+01
    4.505000e+01
    4.510000e+01
    4.515000e+01
    4.520000e+01
    4.525000e+01
    4.530000e+01
    4.535000e+01
    4.540000e+01
    4.545000e+01
    4.550000e+01
    4.555000e+01
    4.560000e+01
    4.565000e+01
    4.570000e+01
    4.575000e+01
    4.580000e+01
    4.585000e+01
    4.590000e+01
    4.595000e+01
    4.600000e+01
    4.605000e+01
    4.610000e+01
    4.615000e+01
    4.620000e+01
    4.625000e+01
    4.630000e+01
    4.635000e+01
    4.640000e+01
    4.645000e+01
    4.650000e+01
    4.655000e+01
    4.660000e+01
    4.665000e+01
    4.670000e+01
    4.675000e+01
    4.680000e+01
    4.685000e+01
    4.690000e+01
    4.695000e+01
    4.700000e+01
    4.705000e+01
    4.710000e+01
    4.715000e+01
    4.720000e+01
    4.725000e+01
    4.730000e+01
    4.735000e+01
    4.740000e+01
    4.745000e+01
    4.750000e+01
    4.755000e+01
    4.760000e+01
    4.765000e+01
    4.770000e+01
    4.775000e+01
    4.780000e+01
    4.785000e+01
    4.790000e+01
    4.795000e+01
    4.800000e+01
    4.805000e+01
    4.810000e+01
    4.815000e+01
    4.820000e+01
    4.825000e+01
    4.830000e+01
    4.835000e+01
    4.840000e+01
    4.845000e+01
    4.850000e+01
    4.855000e+01
    4.860000e+01
    4.865000e+01
    4.870000e+01
    4.875000e+01
    4.880000e+01
    4.885000e+01
    4.890000e+01
    4.895000e+01
    4.900000e+01
    4.905000e+01
    4.910000e+01
    4.915000e+01
    4.920000e+01
    4.925000e+01
    4.930000e+01
    4.935000e+01
    4.940000e+01
    4.945000e+01
    4.950000e+01
    4.955000e+01
    4.960000e+01
    4.965000e+01
    4.970000e+01
    4.975000e+01
    4.980000e+01
    4.985000e+01
    4.990000e+01
    4.995000e+01
    5.000000e+01
);

fv1tmp
(
    0.000000e+00
    3.940366e-05
    1.601593e-04
    3.722609e-04
    6.608758e-04
    1.051528e-03
    1.527461e-03
    2.090813e-03
    2.763490e-03
    3.521752e-03
    4.362839e-03
    5.317203e-03
    6.367870e-03
    7.495545e-03
    8.708382e-03
    1.003072e-02
    1.144556e-02
    1.293541e-02
    1.448570e-02
    1.612914e-02
    1.786680e-02
    1.968180e-02
    2.155724e-02
    2.348430e-02
    2.549161e-02
    2.757261e-02
    2.971425e-02
    3.190346e-02
    3.413494e-02
    3.642954e-02
    3.878104e-02
    4.117971e-02
    4.361579e-02
    4.608350e-02
    4.859803e-02
    5.115629e-02
    5.375127e-02
    5.637597e-02
    5.902398e-02
    6.170412e-02
    6.441792e-02
    6.716049e-02
    6.992696e-02
    7.271242e-02
    7.551714e-02
    7.834761e-02
    8.120082e-02
    8.407344e-02
    8.696212e-02
    8.986379e-02
    9.278251e-02
    9.571936e-02
    9.867208e-02
    1.016385e-01
    1.046162e-01
    1.076039e-01
    1.106051e-01
    1.136193e-01
    1.166452e-01
    1.196811e-01
    1.227256e-01
    1.257778e-01
    1.288404e-01
    1.319128e-01
    1.349940e-01
    1.380830e-01
    1.411787e-01
    1.442805e-01
    1.473902e-01
    1.505075e-01
    1.536318e-01
    1.567623e-01
    1.598983e-01
    1.630391e-01
    1.661856e-01
    1.693384e-01
    1.724967e-01
    1.756602e-01
    1.788281e-01
    1.820000e-01
    1.851758e-01
    1.883566e-01
    1.915420e-01
    1.947316e-01
    1.979249e-01
    2.011214e-01
    2.043207e-01
    2.075235e-01
    2.107301e-01
    2.139401e-01
    2.171531e-01
    2.203687e-01
    2.235865e-01
    2.268063e-01
    2.300288e-01
    2.332541e-01
    2.364818e-01
    2.397116e-01
    2.429430e-01
    2.461757e-01
    2.494095e-01
    2.526453e-01
    2.558830e-01
    2.591222e-01
    2.623625e-01
    2.656037e-01
    2.688454e-01
    2.720873e-01
    2.753304e-01
    2.785745e-01
    2.818193e-01
    2.850646e-01
    2.883099e-01
    2.915550e-01
    2.947995e-01
    2.980441e-01
    3.012890e-01
    3.045339e-01
    3.077786e-01
    3.110226e-01
    3.142658e-01
    3.175076e-01
    3.207483e-01
    3.239886e-01
    3.272283e-01
    3.304670e-01
    3.337046e-01
    3.369405e-01
    3.401746e-01
    3.434065e-01
    3.466370e-01
    3.498662e-01
    3.530940e-01
    3.563199e-01
    3.595438e-01
    3.627652e-01
    3.659838e-01
    3.691996e-01
    3.724134e-01
    3.756251e-01
    3.788346e-01
    3.820414e-01
    3.852453e-01
    3.884460e-01
    3.916432e-01
    3.948368e-01
    3.980277e-01
    4.012159e-01
    4.044010e-01
    4.075828e-01
    4.107609e-01
    4.139351e-01
    4.171051e-01
    4.202707e-01
    4.234329e-01
    4.265917e-01
    4.297467e-01
    4.328978e-01
    4.360445e-01
    4.391867e-01
    4.423240e-01
    4.454561e-01
    4.485840e-01
    4.517078e-01
    4.548274e-01
    4.579423e-01
    4.610523e-01
    4.641572e-01
    4.672566e-01
    4.703502e-01
    4.734384e-01
    4.765220e-01
    4.796008e-01
    4.826744e-01
    4.857426e-01
    4.888050e-01
    4.918615e-01
    4.949117e-01
    4.979555e-01
    5.009937e-01
    5.040265e-01
    5.070538e-01
    5.100752e-01
    5.130904e-01
    5.160991e-01
    5.191011e-01
    5.220961e-01
    5.250840e-01
    5.280660e-01
    5.310420e-01
    5.340117e-01
    5.369749e-01
    5.399311e-01
    5.428802e-01
    5.458218e-01
    5.487557e-01
    5.516821e-01
    5.546019e-01
    5.575152e-01
    5.604215e-01
    5.633206e-01
    5.662122e-01
    5.690960e-01
    5.719717e-01
    5.748390e-01
    5.776981e-01
    5.805501e-01
    5.833950e-01
    5.862323e-01
    5.890618e-01
    5.918833e-01
    5.946964e-01
    5.975008e-01
    6.002962e-01
    6.030826e-01
    6.058613e-01
    6.086323e-01
    6.113953e-01
    6.141500e-01
    6.168960e-01
    6.196332e-01
    6.223613e-01
    6.250798e-01
    6.277885e-01
    6.304886e-01
    6.331805e-01
    6.358640e-01
    6.385388e-01
    6.412045e-01
    6.438609e-01
    6.465077e-01
    6.491446e-01
    6.517712e-01
    6.543878e-01
    6.569957e-01
    6.595948e-01
    6.621849e-01
    6.647655e-01
    6.673366e-01
    6.698976e-01
    6.724484e-01
    6.749886e-01
    6.775179e-01
    6.800371e-01
    6.825473e-01
    6.850482e-01
    6.875394e-01
    6.900208e-01
    6.924918e-01
    6.949524e-01
    6.974022e-01
    6.998408e-01
    7.022681e-01
    7.046852e-01
    7.070927e-01
    7.094905e-01
    7.118782e-01
    7.142556e-01
    7.166223e-01
    7.189780e-01
    7.213225e-01
    7.236554e-01
    7.259766e-01
    7.282872e-01
    7.305880e-01
    7.328786e-01
    7.351588e-01
    7.374283e-01
    7.396869e-01
    7.419342e-01
    7.441699e-01
    7.463938e-01
    7.486056e-01
    7.508062e-01
    7.529968e-01
    7.551770e-01
    7.573466e-01
    7.595053e-01
    7.616527e-01
    7.637888e-01
    7.659131e-01
    7.680254e-01
    7.701255e-01
    7.722136e-01
    7.742915e-01
    7.763588e-01
    7.784154e-01
    7.804610e-01
    7.824954e-01
    7.845183e-01
    7.865294e-01
    7.885285e-01
    7.905153e-01
    7.924896e-01
    7.944530e-01
    7.964059e-01
    7.983482e-01
    8.002794e-01
    8.021995e-01
    8.041081e-01
    8.060051e-01
    8.078901e-01
    8.097630e-01
    8.116235e-01
    8.134718e-01
    8.153096e-01
    8.171368e-01
    8.189533e-01
    8.207587e-01
    8.225529e-01
    8.243356e-01
    8.261066e-01
    8.278656e-01
    8.296126e-01
    8.313471e-01
    8.330700e-01
    8.347825e-01
    8.364845e-01
    8.381757e-01
    8.398560e-01
    8.415251e-01
    8.431828e-01
    8.448290e-01
    8.464634e-01
    8.480858e-01
    8.496960e-01
    8.512948e-01
    8.528834e-01
    8.544617e-01
    8.560294e-01
    8.575864e-01
    8.591324e-01
    8.606673e-01
    8.621908e-01
    8.637029e-01
    8.652032e-01
    8.666916e-01
    8.681688e-01
    8.696360e-01
    8.710932e-01
    8.725401e-01
    8.739765e-01
    8.754024e-01
    8.768174e-01
    8.782215e-01
    8.796144e-01
    8.809960e-01
    8.823661e-01
    8.837249e-01
    8.850741e-01
    8.864135e-01
    8.877431e-01
    8.890626e-01
    8.903720e-01
    8.916710e-01
    8.929594e-01
    8.942372e-01
    8.955041e-01
    8.967600e-01
    8.980048e-01
    8.992398e-01
    9.004656e-01
    9.016820e-01
    9.028888e-01
    9.040860e-01
    9.052732e-01
    9.064505e-01
    9.076177e-01
    9.087745e-01
    9.099209e-01
    9.110567e-01
    9.121822e-01
    9.132989e-01
    9.144068e-01
    9.155056e-01
    9.165954e-01
    9.176758e-01
    9.187468e-01
    9.198083e-01
    9.208601e-01
    9.219021e-01
    9.229341e-01
    9.239560e-01
    9.249687e-01
    9.259732e-01
    9.269692e-01
    9.279567e-01
    9.289356e-01
    9.299056e-01
    9.308668e-01
    9.318190e-01
    9.327620e-01
    9.336957e-01
    9.346200e-01
    9.355348e-01
    9.364412e-01
    9.373399e-01
    9.382307e-01
    9.391134e-01
    9.399881e-01
    9.408545e-01
    9.417126e-01
    9.425622e-01
    9.434033e-01
    9.442357e-01
    9.450592e-01
    9.458739e-01
    9.466808e-01
    9.474804e-01
    9.482727e-01
    9.490576e-01
    9.498349e-01
    9.506046e-01
    9.513665e-01
    9.521206e-01
    9.528667e-01
    9.536048e-01
    9.543347e-01
    9.550563e-01
    9.557704e-01
    9.564779e-01
    9.571786e-01
    9.578725e-01
    9.585594e-01
    9.592393e-01
    9.599121e-01
    9.605776e-01
    9.612358e-01
    9.618866e-01
    9.625298e-01
    9.631654e-01
    9.637936e-01
    9.644158e-01
    9.650318e-01
    9.656415e-01
    9.662449e-01
    9.668419e-01
    9.674324e-01
    9.680162e-01
    9.685933e-01
    9.691637e-01
    9.697271e-01
    9.702836e-01
    9.708330e-01
    9.713765e-01
    9.719144e-01
    9.724467e-01
    9.729733e-01
    9.734940e-01
    9.740089e-01
    9.745177e-01
    9.750205e-01
    9.755171e-01
    9.760074e-01
    9.764914e-01
    9.769690e-01
    9.774403e-01
    9.779066e-01
    9.783679e-01
    9.788240e-01
    9.792749e-01
    9.797206e-01
    9.801608e-01
    9.805956e-01
    9.810248e-01
    9.814484e-01
    9.818662e-01
    9.822783e-01
    9.826844e-01
    9.830852e-01
    9.834815e-01
    9.838732e-01
    9.842604e-01
    9.846428e-01
    9.850205e-01
    9.853933e-01
    9.857611e-01
    9.861239e-01
    9.864815e-01
    9.868340e-01
    9.871811e-01
    9.875228e-01
    9.878598e-01
    9.881929e-01
    9.885219e-01
    9.888468e-01
    9.891675e-01
    9.894839e-01
    9.897959e-01
    9.901035e-01
    9.904065e-01
    9.907048e-01
    9.909984e-01
    9.912872e-01
    9.915711e-01
    9.918507e-01
    9.921269e-01
    9.923995e-01
    9.926684e-01
    9.929336e-01
    9.931950e-01
    9.934525e-01
    9.937060e-01
    9.939554e-01
    9.942006e-01
    9.944415e-01
    9.946781e-01
    9.949102e-01
    9.951412e-01
    9.953790e-01
    9.956213e-01
    9.958651e-01
    9.961076e-01
    9.963461e-01
    9.965776e-01
    9.967992e-01
    9.970082e-01
    9.972017e-01
    9.973768e-01
    9.975307e-01
    9.976605e-01
    9.977653e-01
    9.978635e-01
    9.979604e-01
    9.980557e-01
    9.981496e-01
    9.982419e-01
    9.983325e-01
    9.984215e-01
    9.985087e-01
    9.985941e-01
    9.986775e-01
    9.987591e-01
    9.988386e-01
    9.989161e-01
    9.989914e-01
    9.990645e-01
    9.991354e-01
    9.992039e-01
    9.992701e-01
    9.993338e-01
    9.993951e-01
    9.994537e-01
    9.995097e-01
    9.995631e-01
    9.996137e-01
    9.996614e-01
    9.997063e-01
    9.997483e-01
    9.997872e-01
    9.998231e-01
    9.998559e-01
    9.998855e-01
    9.999118e-01
    9.999348e-01
    9.999545e-01
    9.999707e-01
    9.999834e-01
    9.999926e-01
    9.999981e-01
    1.000000e+00
    1.000000e+00
    1.000000e+00
    1.000000e+00
    1.000000e+00
    1.000000e+00
    1.000000e+00
    1.000000e+00
    1.000000e+00
    1.000000e+00
    1.000000e+00
    1.000000e+00
    1.000000e+00
    1.000000e+00
    1.000000e+00
    1.000000e+00
    1.000000e+00
    1.000000e+00
    1.000000e+00
    1.000000e+00
    1.000000e+00
    1.000000e+00
    1.000000e+00
    1.000000e+00
    1.000000e+00
    1.000000e+00
    1.000000e+00
    1.000000e+00
    1.000000e+00
    1.000000e+00
    1.000000e+00
    1.000000e+00
    1.000000e+00
    1.000000e+00
    1.000000e+00
    1.000000e+00
    1.000000e+00
    1.000000e+00
    1.000000e+00
    1.000000e+00
    1.000000e+00
    1.000000e+00
    1.000000e+00
    1.000000e+00
    1.000000e+00
    1.000000e+00
    1.000000e+00
    1.000000e+00
    1.000000e+00
    1.000000e+00
    1.000000e+00
    1.000000e+00
    1.000000e+00
    1.000000e+00
    1.000000e+00
    1.000000e+00
    1.000000e+00
    1.000000e+00
    1.000000e+00
    1.000000e+00
    1.000000e+00
    1.000000e+00
    1.000000e+00
    1.000000e+00
    1.000000e+00
    1.000000e+00
    1.000000e+00
    1.000000e+00
    1.000000e+00
    1.000000e+00
    1.000000e+00
    1.000000e+00
    1.000000e+00
    1.000000e+00
    1.000000e+00
    1.000000e+00
    1.000000e+00
    1.000000e+00
    1.000000e+00
    1.000000e+00
    1.000000e+00
    1.000000e+00
    1.000000e+00
    1.000000e+00
    1.000000e+00
    1.000000e+00
    1.000000e+00
    1.000000e+00
    1.000000e+00
    1.000000e+00
    1.000000e+00
    1.000000e+00
    1.000000e+00
    1.000000e+00
    1.000000e+00
    1.000000e+00
    1.000000e+00
    1.000000e+00
    1.000000e+00
    1.000000e+00
    1.000000e+00
    1.000000e+00
    1.000000e+00
    1.000000e+00
    1.000000e+00
    1.000000e+00
    1.000000e+00
    1.000000e+00
    1.000000e+00
    1.000000e+00
    1.000000e+00
    1.000000e+00
    1.000000e+00
    1.000000e+00
    1.000000e+00
    1.000000e+00
    1.000000e+00
    1.000000e+00
    1.000000e+00
    1.000000e+00
    1.000000e+00
    1.000000e+00
    1.000000e+00
    1.000000e+00
    1.000000e+00
    1.000000e+00
    1.000000e+00
    1.000000e+00
    1.000000e+00
    1.000000e+00
    1.000000e+00
    1.000000e+00
    1.000000e+00
    1.000000e+00
    1.000000e+00
    1.000000e+00
    1.000000e+00
    1.000000e+00
    1.000000e+00
    1.000000e+00
    1.000000e+00
    1.000000e+00
    1.000000e+00
    1.000000e+00
    1.000000e+00
    1.000000e+00
    1.000000e+00
    1.000000e+00
    1.000000e+00
    1.000000e+00
    1.000000e+00
    1.000000e+00
    1.000000e+00
    1.000000e+00
    1.000000e+00
    1.000000e+00
    1.000000e+00
    1.000000e+00
    1.000000e+00
    1.000000e+00
    1.000000e+00
    1.000000e+00
    1.000000e+00
    1.000000e+00
    1.000000e+00
    1.000000e+00
    1.000000e+00
    1.000000e+00
    1.000000e+00
    1.000000e+00
    1.000000e+00
    1.000000e+00
    1.000000e+00
    1.000000e+00
    1.000000e+00
    1.000000e+00
    1.000000e+00
    1.000000e+00
    1.000000e+00
    1.000000e+00
    1.000000e+00
    1.000000e+00
    1.000000e+00
    1.000000e+00
    1.000000e+00
    1.000000e+00
    1.000000e+00
    1.000000e+00
    1.000000e+00
    1.000000e+00
    1.000000e+00
    1.000000e+00
    1.000000e+00
    1.000000e+00
    1.000000e+00
    1.000000e+00
    1.000000e+00
    1.000000e+00
    1.000000e+00
    1.000000e+00
    1.000000e+00
    1.000000e+00
    1.000000e+00
    1.000000e+00
    1.000000e+00
    1.000000e+00
    1.000000e+00
    1.000000e+00
    1.000000e+00
    1.000000e+00
    1.000000e+00
    1.000000e+00
    1.000000e+00
    1.000000e+00
    1.000000e+00
    1.000000e+00
    1.000000e+00
    1.000000e+00
    1.000000e+00
    1.000000e+00
    1.000000e+00
    1.000000e+00
    1.000000e+00
    1.000000e+00
    1.000000e+00
    1.000000e+00
    1.000000e+00
    1.000000e+00
    1.000000e+00
    1.000000e+00
    1.000000e+00
    1.000000e+00
    1.000000e+00
    1.000000e+00
    1.000000e+00
    1.000000e+00
    1.000000e+00
    1.000000e+00
    1.000000e+00
    1.000000e+00
    1.000000e+00
    1.000000e+00
    1.000000e+00
    1.000000e+00
    1.000000e+00
    1.000000e+00
    1.000000e+00
    1.000000e+00
    1.000000e+00
    1.000000e+00
    1.000000e+00
    1.000000e+00
    1.000000e+00
    1.000000e+00
    1.000000e+00
    1.000000e+00
    1.000000e+00
    1.000000e+00
    1.000000e+00
    1.000000e+00
    1.000000e+00
    1.000000e+00
    1.000000e+00
    1.000000e+00
    1.000000e+00
    1.000000e+00
    1.000000e+00
    1.000000e+00
    1.000000e+00
    1.000000e+00
    1.000000e+00
    1.000000e+00
    1.000000e+00
    1.000000e+00
    1.000000e+00
    1.000000e+00
    1.000000e+00
    1.000000e+00
    1.000000e+00
    1.000000e+00
    1.000000e+00
    1.000000e+00
    1.000000e+00
    1.000000e+00
    1.000000e+00
    1.000000e+00
    1.000000e+00
    1.000000e+00
    1.000000e+00
    1.000000e+00
    1.000000e+00
    1.000000e+00
    1.000000e+00
    1.000000e+00
    1.000000e+00
    1.000000e+00
    1.000000e+00
    1.000000e+00
    1.000000e+00
    1.000000e+00
    1.000000e+00
    1.000000e+00
    1.000000e+00
    1.000000e+00
    1.000000e+00
    1.000000e+00
    1.000000e+00
    1.000000e+00
    1.000000e+00
    1.000000e+00
    1.000000e+00
    1.000000e+00
    1.000000e+00
    1.000000e+00
    1.000000e+00
    1.000000e+00
    1.000000e+00
    1.000000e+00
    1.000000e+00
    1.000000e+00
    1.000000e+00
    1.000000e+00
    1.000000e+00
    1.000000e+00
    1.000000e+00
    1.000000e+00
    1.000000e+00
    1.000000e+00
    1.000000e+00
    1.000000e+00
    1.000000e+00
    1.000000e+00
    1.000000e+00
    1.000000e+00
    1.000000e+00
    1.000000e+00
    1.000000e+00
    1.000000e+00
    1.000000e+00
    1.000000e+00
    1.000000e+00
    1.000000e+00
    1.000000e+00
    1.000000e+00
    1.000000e+00
    1.000000e+00
    1.000000e+00
    1.000000e+00
    1.000000e+00
    1.000000e+00
    1.000000e+00
    1.000000e+00
    1.000000e+00
    1.000000e+00
    1.000000e+00
    1.000000e+00
    1.000000e+00
    1.000000e+00
    1.000000e+00
    1.000000e+00
    1.000000e+00
    1.000000e+00
    1.000000e+00
    1.000000e+00
    1.000000e+00
    1.000000e+00
    1.000000e+00
    1.000000e+00
    1.000000e+00
    1.000000e+00
    1.000000e+00
    1.000000e+00
    1.000000e+00
    1.000000e+00
    1.000000e+00
    1.000000e+00
    1.000000e+00
    1.000000e+00
    1.000000e+00
    1.000000e+00
    1.000000e+00
    1.000000e+00
    1.000000e+00
    1.000000e+00
    1.000000e+00
    1.000000e+00
    1.000000e+00
    1.000000e+00
    1.000000e+00
    1.000000e+00
    1.000000e+00
    1.000000e+00
    1.000000e+00
    1.000000e+00
    1.000000e+00
    1.000000e+00
    1.000000e+00
    1.000000e+00
    1.000000e+00
    1.000000e+00
    1.000000e+00
    1.000000e+00
    1.000000e+00
    1.000000e+00
    1.000000e+00
    1.000000e+00
    1.000000e+00
    1.000000e+00
    1.000000e+00
    1.000000e+00
    1.000000e+00
    1.000000e+00
    1.000000e+00
    1.000000e+00
    1.000000e+00
    1.000000e+00
    1.000000e+00
    1.000000e+00
    1.000000e+00
    1.000000e+00
    1.000000e+00
    1.000000e+00
    1.000000e+00
    1.000000e+00
    1.000000e+00
    1.000000e+00
    1.000000e+00
    1.000000e+00
    1.000000e+00
    1.000000e+00
    1.000000e+00
    1.000000e+00
    1.000000e+00
    1.000000e+00
    1.000000e+00
    1.000000e+00
    1.000000e+00
    1.000000e+00
    1.000000e+00
    1.000000e+00
    1.000000e+00
);

fv2tmp
(
    1.015200e+00
    9.477888e-01
    8.999993e-01
    8.500003e-01
    8.000176e-01
    7.500425e-01
    7.001125e-01
    6.502259e-01
    6.003780e-01
    5.506467e-01
    5.010444e-01
    4.515045e-01
    4.021298e-01
    3.530306e-01
    3.041774e-01
    2.554711e-01
    2.070318e-01
    1.589823e-01
    1.114273e-01
    6.419072e-02
    1.729943e-02
    -2.910893e-02
    -7.489678e-02
    -1.199956e-01
    -1.646418e-01
    -2.087495e-01
    -2.521756e-01
    -2.947770e-01
    -3.365089e-01
    -3.776423e-01
    -4.180833e-01
    -4.576927e-01
    -4.963311e-01
    -5.339323e-01
    -5.708049e-01
    -6.068929e-01
    -6.420658e-01
    -6.761931e-01
    -7.091611e-01
    -7.412613e-01
    -7.725542e-01
    -8.029195e-01
    -8.322370e-01
    -8.603864e-01
    -8.874543e-01
    -9.137487e-01
    -9.391702e-01
    -9.636073e-01
    -9.869482e-01
    -1.009095e+00
    -1.030382e+00
    -1.050913e+00
    -1.070581e+00
    -1.089277e+00
    -1.106896e+00
    -1.123399e+00
    -1.139213e+00
    -1.154341e+00
    -1.168673e+00
    -1.182097e+00
    -1.194504e+00
    -1.205890e+00
    -1.216744e+00
    -1.227037e+00
    -1.236641e+00
    -1.245431e+00
    -1.253280e+00
    -1.260151e+00
    -1.266670e+00
    -1.272832e+00
    -1.278453e+00
    -1.283349e+00
    -1.287335e+00
    -1.290242e+00
    -1.292676e+00
    -1.294953e+00
    -1.296963e+00
    -1.298594e+00
    -1.299733e+00
    -1.300269e+00
    -1.300143e+00
    -1.299481e+00
    -1.298383e+00
    -1.296943e+00
    -1.295258e+00
    -1.293421e+00
    -1.291520e+00
    -1.289149e+00
    -1.286131e+00
    -1.282597e+00
    -1.278679e+00
    -1.274507e+00
    -1.270213e+00
    -1.265887e+00
    -1.261243e+00
    -1.256242e+00
    -1.250946e+00
    -1.245415e+00
    -1.239709e+00
    -1.233890e+00
    -1.227991e+00
    -1.221865e+00
    -1.215512e+00
    -1.208969e+00
    -1.202270e+00
    -1.195452e+00
    -1.188551e+00
    -1.181591e+00
    -1.174491e+00
    -1.167245e+00
    -1.159876e+00
    -1.152408e+00
    -1.144863e+00
    -1.137265e+00
    -1.129637e+00
    -1.121939e+00
    -1.114151e+00
    -1.106288e+00
    -1.098367e+00
    -1.090402e+00
    -1.082411e+00
    -1.074407e+00
    -1.066391e+00
    -1.058327e+00
    -1.050224e+00
    -1.042092e+00
    -1.033942e+00
    -1.025786e+00
    -1.017634e+00
    -1.009497e+00
    -1.001356e+00
    -9.932006e-01
    -9.850388e-01
    -9.768785e-01
    -9.687274e-01
    -9.605931e-01
    -9.524834e-01
    -9.444032e-01
    -9.363334e-01
    -9.282734e-01
    -9.202286e-01
    -9.122045e-01
    -9.042066e-01
    -8.962405e-01
    -8.883116e-01
    -8.804220e-01
    -8.725567e-01
    -8.647164e-01
    -8.569049e-01
    -8.491263e-01
    -8.413845e-01
    -8.336833e-01
    -8.260268e-01
    -8.184168e-01
    -8.108415e-01
    -8.033006e-01
    -7.957968e-01
    -7.883330e-01
    -7.809121e-01
    -7.735368e-01
    -7.662099e-01
    -7.589340e-01
    -7.517007e-01
    -7.445071e-01
    -7.373553e-01
    -7.302472e-01
    -7.231850e-01
    -7.161707e-01
    -7.092063e-01
    -7.022938e-01
    -6.954307e-01
    -6.886102e-01
    -6.818335e-01
    -6.751020e-01
    -6.684174e-01
    -6.617810e-01
    -6.551944e-01
    -6.486590e-01
    -6.421759e-01
    -6.357388e-01
    -6.293457e-01
    -6.229980e-01
    -6.166966e-01
    -6.104426e-01
    -6.042372e-01
    -5.980814e-01
    -5.919763e-01
    -5.859216e-01
    -5.799110e-01
    -5.739447e-01
    -5.680233e-01
    -5.621478e-01
    -5.563189e-01
    -5.505375e-01
    -5.448043e-01
    -5.391203e-01
    -5.334842e-01
    -5.278909e-01
    -5.223406e-01
    -5.168341e-01
    -5.113718e-01
    -5.059545e-01
    -5.005828e-01
    -4.952573e-01
    -4.899786e-01
    -4.847458e-01
    -4.795541e-01
    -4.744037e-01
    -4.692949e-01
    -4.642285e-01
    -4.592047e-01
    -4.542242e-01
    -4.492874e-01
    -4.443949e-01
    -4.395463e-01
    -4.347372e-01
    -4.299672e-01
    -4.252365e-01
    -4.205457e-01
    -4.158952e-01
    -4.112853e-01
    -4.067164e-01
    -4.021890e-01
    -3.977033e-01
    -3.932563e-01
    -3.888458e-01
    -3.844723e-01
    -3.801360e-01
    -3.758373e-01
    -3.715766e-01
    -3.673542e-01
    -3.631704e-01
    -3.590256e-01
    -3.549190e-01
    -3.508469e-01
    -3.468092e-01
    -3.428062e-01
    -3.388381e-01
    -3.349053e-01
    -3.310080e-01
    -3.271465e-01
    -3.233212e-01
    -3.195323e-01
    -3.157778e-01
    -3.120551e-01
    -3.083645e-01
    -3.047062e-01
    -3.010805e-01
    -2.974876e-01
    -2.939278e-01
    -2.904014e-01
    -2.869086e-01
    -2.834497e-01
    -2.800219e-01
    -2.766236e-01
    -2.732552e-01
    -2.699167e-01
    -2.666084e-01
    -2.633307e-01
    -2.600836e-01
    -2.568674e-01
    -2.536823e-01
    -2.505286e-01
    -2.474037e-01
    -2.443061e-01
    -2.412359e-01
    -2.381935e-01
    -2.351790e-01
    -2.321927e-01
    -2.292346e-01
    -2.263052e-01
    -2.234044e-01
    -2.205327e-01
    -2.176880e-01
    -2.148684e-01
    -2.120741e-01
    -2.093054e-01
    -2.065623e-01
    -2.038451e-01
    -2.011540e-01
    -1.984892e-01
    -1.958507e-01
    -1.932390e-01
    -1.906531e-01
    -1.880904e-01
    -1.855509e-01
    -1.830348e-01
    -1.805422e-01
    -1.780734e-01
    -1.756285e-01
    -1.732076e-01
    -1.708110e-01
    -1.684388e-01
    -1.660911e-01
    -1.637655e-01
    -1.614611e-01
    -1.591780e-01
    -1.569164e-01
    -1.546765e-01
    -1.524585e-01
    -1.502624e-01
    -1.480884e-01
    -1.459368e-01
    -1.438076e-01
    -1.417004e-01
    -1.396127e-01
    -1.375444e-01
    -1.354957e-01
    -1.334667e-01
    -1.314575e-01
    -1.294684e-01
    -1.274994e-01
    -1.255508e-01
    -1.236225e-01
    -1.217149e-01
    -1.198269e-01
    -1.179564e-01
    -1.161037e-01
    -1.142689e-01
    -1.124520e-01
    -1.106533e-01
    -1.088729e-01
    -1.071109e-01
    -1.053674e-01
    -1.036427e-01
    -1.019368e-01
    -1.002484e-01
    -9.857614e-02
    -9.691996e-02
    -9.528003e-02
    -9.365648e-02
    -9.204945e-02
    -9.045905e-02
    -8.888542e-02
    -8.732868e-02
    -8.578896e-02
    -8.426640e-02
    -8.276005e-02
    -8.126821e-02
    -7.979098e-02
    -7.832848e-02
    -7.688082e-02
    -7.544813e-02
    -7.403054e-02
    -7.262816e-02
    -7.124111e-02
    -6.986953e-02
    -6.851352e-02
    -6.717268e-02
    -6.584509e-02
    -6.453069e-02
    -6.322958e-02
    -6.194187e-02
    -6.066770e-02
    -5.940716e-02
    -5.816038e-02
    -5.692748e-02
    -5.570858e-02
    -5.450378e-02
    -5.331313e-02
    -5.213499e-02
    -5.096869e-02
    -4.981433e-02
    -4.867204e-02
    -4.754192e-02
    -4.642409e-02
    -4.531865e-02
    -4.422572e-02
    -4.314541e-02
    -4.207784e-02
    -4.102310e-02
    -3.998073e-02
    -3.894907e-02
    -3.792810e-02
    -3.691793e-02
    -3.591867e-02
    -3.493042e-02
    -3.395329e-02
    -3.298739e-02
    -3.203282e-02
    -3.108969e-02
    -3.015810e-02
    -2.923817e-02
    -2.832883e-02
    -2.742901e-02
    -2.653880e-02
    -2.565832e-02
    -2.478765e-02
    -2.392691e-02
    -2.307620e-02
    -2.223562e-02
    -2.140527e-02
    -2.058526e-02
    -1.977569e-02
    -1.897663e-02
    -1.818680e-02
    -1.740547e-02
    -1.663275e-02
    -1.586874e-02
    -1.511354e-02
    -1.436725e-02
    -1.362997e-02
    -1.290180e-02
    -1.218284e-02
    -1.147319e-02
    -1.077295e-02
    -1.008220e-02
    -9.399702e-03
    -8.724770e-03
    -8.057505e-03
    -7.398006e-03
    -6.746372e-03
    -6.102701e-03
    -5.467092e-03
    -4.839644e-03
    -4.220457e-03
    -3.609629e-03
    -3.007258e-03
    -2.413444e-03
    -1.827265e-03
    -1.247774e-03
    -6.750695e-04
    -1.092510e-04
    4.495832e-04
    1.001334e-03
    1.545904e-03
    2.083193e-03
    2.613103e-03
    3.135536e-03
    3.650392e-03
    4.157572e-03
    4.657459e-03
    5.151384e-03
    5.639346e-03
    6.121243e-03
    6.596978e-03
    7.066450e-03
    7.529559e-03
    7.986208e-03
    8.436295e-03
    8.879722e-03
    9.316390e-03
    9.746198e-03
    1.016910e-02
    1.058635e-02
    1.099840e-02
    1.140516e-02
    1.180653e-02
    1.220241e-02
    1.259269e-02
    1.297727e-02
    1.335605e-02
    1.372892e-02
    1.409580e-02
    1.445656e-02
    1.481112e-02
    1.515976e-02
    1.550382e-02
    1.584332e-02
    1.617816e-02
    1.650823e-02
    1.683342e-02
    1.715362e-02
    1.746873e-02
    1.777865e-02
    1.808325e-02
    1.838245e-02
    1.867612e-02
    1.896417e-02
    1.924725e-02
    1.952646e-02
    1.980171e-02
    2.007288e-02
    2.033986e-02
    2.060252e-02
    2.086077e-02
    2.111447e-02
    2.136352e-02
    2.160781e-02
    2.184721e-02
    2.208162e-02
    2.231091e-02
    2.253596e-02
    2.275774e-02
    2.297612e-02
    2.319097e-02
    2.340217e-02
    2.360959e-02
    2.381311e-02
    2.401259e-02
    2.420792e-02
    2.439897e-02
    2.458560e-02
    2.476771e-02
    2.494515e-02
    2.511876e-02
    2.528967e-02
    2.545773e-02
    2.562282e-02
    2.578477e-02
    2.594345e-02
    2.609871e-02
    2.625040e-02
    2.639838e-02
    2.654251e-02
    2.668264e-02
    2.681862e-02
    2.695030e-02
    2.708119e-02
    2.721954e-02
    2.736304e-02
    2.750880e-02
    2.765393e-02
    2.779554e-02
    2.793075e-02
    2.805666e-02
    2.817039e-02
    2.826905e-02
    2.834975e-02
    2.840960e-02
    2.844572e-02
    2.845719e-02
    2.846287e-02
    2.846813e-02
    2.847297e-02
    2.847737e-02
    2.848134e-02
    2.848487e-02
    2.848796e-02
    2.849059e-02
    2.849277e-02
    2.849448e-02
    2.849573e-02
    2.849651e-02
    2.849681e-02
    2.849503e-02
    2.848889e-02
    2.847872e-02
    2.846488e-02
    2.844774e-02
    2.842766e-02
    2.840502e-02
    2.838018e-02
    2.835349e-02
    2.832534e-02
    2.829608e-02
    2.826608e-02
    2.823571e-02
    2.820514e-02
    2.817024e-02
    2.812961e-02
    2.808387e-02
    2.803360e-02
    2.797942e-02
    2.792190e-02
    2.786167e-02
    2.779930e-02
    2.773541e-02
    2.767060e-02
    2.760545e-02
    2.754056e-02
    2.747655e-02
    2.741355e-02
    2.734876e-02
    2.728179e-02
    2.721297e-02
    2.714258e-02
    2.707093e-02
    2.699832e-02
    2.692505e-02
    2.685142e-02
    2.677772e-02
    2.670427e-02
    2.663136e-02
    2.655929e-02
    2.648836e-02
    2.641868e-02
    2.634935e-02
    2.628021e-02
    2.621125e-02
    2.614248e-02
    2.607389e-02
    2.600549e-02
    2.593726e-02
    2.586922e-02
    2.580136e-02
    2.573368e-02
    2.566618e-02
    2.559885e-02
    2.553170e-02
    2.546473e-02
    2.539793e-02
    2.533130e-02
    2.526485e-02
    2.519857e-02
    2.513247e-02
    2.506653e-02
    2.500077e-02
    2.493517e-02
    2.486974e-02
    2.480448e-02
    2.473939e-02
    2.467446e-02
    2.460969e-02
    2.454509e-02
    2.448066e-02
    2.441638e-02
    2.435227e-02
    2.428832e-02
    2.422453e-02
    2.416090e-02
    2.409743e-02
    2.403412e-02
    2.397096e-02
    2.390796e-02
    2.384512e-02
    2.378243e-02
    2.371989e-02
    2.365751e-02
    2.359528e-02
    2.353320e-02
    2.347127e-02
    2.340950e-02
    2.334788e-02
    2.328640e-02
    2.322508e-02
    2.316390e-02
    2.310287e-02
    2.304198e-02
    2.298124e-02
    2.292065e-02
    2.286020e-02
    2.279989e-02
    2.273973e-02
    2.267971e-02
    2.261983e-02
    2.256009e-02
    2.250049e-02
    2.244103e-02
    2.238172e-02
    2.232254e-02
    2.226350e-02
    2.220459e-02
    2.214583e-02
    2.208720e-02
    2.202870e-02
    2.197034e-02
    2.191211e-02
    2.185401e-02
    2.179605e-02
    2.173822e-02
    2.168053e-02
    2.162296e-02
    2.156553e-02
    2.150823e-02
    2.145105e-02
    2.139401e-02
    2.133709e-02
    2.128030e-02
    2.122364e-02
    2.116710e-02
    2.111069e-02
    2.105440e-02
    2.099824e-02
    2.094220e-02
    2.088629e-02
    2.083050e-02
    2.077484e-02
    2.071929e-02
    2.066387e-02
    2.060857e-02
    2.055339e-02
    2.049833e-02
    2.044339e-02
    2.038857e-02
    2.033387e-02
    2.027928e-02
    2.022481e-02
    2.017046e-02
    2.011622e-02
    2.006210e-02
    2.000810e-02
    1.995421e-02
    1.990043e-02
    1.984677e-02
    1.979323e-02
    1.973980e-02
    1.968648e-02
    1.963327e-02
    1.958017e-02
    1.952718e-02
    1.947430e-02
    1.942154e-02
    1.936888e-02
    1.931633e-02
    1.926389e-02
    1.921156e-02
    1.915934e-02
    1.910722e-02
    1.905521e-02
    1.900331e-02
    1.895152e-02
    1.889983e-02
    1.884824e-02
    1.879676e-02
    1.874538e-02
    1.869411e-02
    1.864294e-02
    1.859187e-02
    1.854090e-02
    1.849004e-02
    1.843928e-02
    1.838862e-02
    1.833806e-02
    1.828760e-02
    1.823724e-02
    1.818699e-02
    1.813683e-02
    1.808677e-02
    1.803680e-02
    1.798694e-02
    1.793717e-02
    1.788750e-02
    1.783792e-02
    1.778844e-02
    1.773906e-02
    1.768977e-02
    1.764058e-02
    1.759149e-02
    1.754249e-02
    1.749358e-02
    1.744477e-02
    1.739605e-02
    1.734742e-02
    1.729888e-02
    1.725044e-02
    1.720209e-02
    1.715383e-02
    1.710566e-02
    1.705757e-02
    1.700958e-02
    1.696169e-02
    1.691388e-02
    1.686616e-02
    1.681853e-02
    1.677098e-02
    1.672353e-02
    1.667617e-02
    1.662889e-02
    1.658170e-02
    1.653459e-02
    1.648757e-02
    1.644064e-02
    1.639379e-02
    1.634703e-02
    1.630035e-02
    1.625375e-02
    1.620725e-02
    1.616082e-02
    1.611448e-02
    1.606823e-02
    1.602205e-02
    1.597596e-02
    1.592996e-02
    1.588403e-02
    1.583819e-02
    1.579242e-02
    1.574674e-02
    1.570114e-02
    1.565562e-02
    1.561018e-02
    1.556482e-02
    1.551953e-02
    1.547433e-02
    1.542921e-02
    1.538417e-02
    1.533920e-02
    1.529432e-02
    1.524951e-02
    1.520478e-02
    1.516012e-02
    1.511554e-02
    1.507104e-02
    1.502662e-02
    1.498227e-02
    1.493799e-02
    1.489379e-02
    1.484967e-02
    1.480562e-02
    1.476165e-02
    1.471775e-02
    1.467393e-02
    1.463018e-02
    1.458650e-02
    1.454290e-02
    1.449937e-02
    1.445591e-02
    1.441252e-02
    1.436921e-02
    1.432597e-02
    1.428280e-02
    1.423969e-02
    1.419666e-02
    1.415371e-02
    1.411082e-02
    1.406800e-02
    1.402525e-02
    1.398258e-02
    1.393997e-02
    1.389743e-02
    1.385497e-02
    1.381257e-02
    1.377024e-02
    1.372797e-02
    1.368578e-02
    1.364365e-02
    1.360159e-02
    1.355959e-02
    1.351766e-02
    1.347580e-02
    1.343401e-02
    1.339228e-02
    1.335062e-02
    1.330903e-02
    1.326750e-02
    1.322604e-02
    1.318464e-02
    1.314330e-02
    1.310204e-02
    1.306083e-02
    1.301969e-02
    1.297861e-02
    1.293760e-02
    1.289665e-02
    1.285576e-02
    1.281493e-02
    1.277417e-02
    1.273347e-02
    1.269283e-02
    1.265226e-02
    1.261175e-02
    1.257130e-02
    1.253091e-02
    1.249058e-02
    1.245032e-02
    1.241011e-02
    1.236997e-02
    1.232988e-02
    1.228986e-02
    1.224989e-02
    1.220998e-02
    1.217014e-02
    1.213035e-02
    1.209062e-02
    1.205095e-02
    1.201134e-02
    1.197179e-02
    1.193230e-02
    1.189286e-02
    1.185349e-02
    1.181417e-02
    1.177491e-02
    1.173570e-02
    1.169656e-02
    1.165746e-02
    1.161843e-02
    1.157945e-02
    1.154053e-02
    1.150166e-02
    1.146285e-02
    1.142409e-02
    1.138540e-02
    1.134675e-02
    1.130817e-02
    1.126963e-02
    1.123116e-02
    1.119273e-02
    1.115437e-02
    1.111605e-02
    1.107779e-02
    1.103958e-02
    1.100143e-02
    1.096333e-02
    1.092528e-02
    1.088728e-02
    1.084934e-02
    1.081145e-02
    1.077362e-02
    1.073583e-02
    1.069810e-02
    1.066042e-02
    1.062280e-02
    1.058522e-02
    1.054770e-02
    1.051023e-02
    1.047281e-02
    1.043544e-02
    1.039812e-02
    1.036085e-02
    1.032363e-02
    1.028646e-02
    1.024934e-02
    1.021227e-02
    1.017525e-02
    1.013828e-02
    1.010136e-02
    1.006449e-02
    1.002767e-02
    9.990897e-03
    9.954174e-03
    9.917501e-03
    9.880875e-03
    9.844298e-03
    9.807769e-03
    9.771287e-03
    9.734853e-03
    9.698466e-03
    9.662126e-03
    9.625833e-03
    9.589588e-03
    9.553390e-03
    9.517239e-03
    9.481136e-03
    9.445080e-03
    9.409070e-03
    9.373107e-03
    9.337190e-03
    9.301319e-03
    9.265494e-03
    9.229715e-03
    9.193980e-03
    9.158291e-03
    9.122647e-03
    9.087048e-03
    9.051492e-03
    9.015981e-03
    8.980515e-03
    8.945095e-03
    8.909719e-03
    8.874387e-03
    8.839100e-03
    8.803858e-03
    8.768659e-03
    8.733504e-03
    8.698393e-03
    8.663325e-03
    8.628300e-03
    8.593319e-03
    8.558379e-03
    8.523483e-03
    8.488628e-03
    8.453816e-03
    8.419046e-03
    8.384317e-03
    8.349632e-03
    8.314989e-03
    8.280388e-03
    8.245830e-03
    8.211314e-03
    8.176839e-03
    8.142405e-03
    8.108013e-03
    8.073663e-03
    8.039353e-03
    8.005083e-03
    7.970855e-03
    7.936666e-03
    7.902518e-03
    7.868409e-03
    7.834340e-03
    7.800311e-03
    7.766322e-03
    7.732374e-03
    7.698465e-03
    7.664597e-03
    7.630769e-03
    7.596980e-03
    7.563230e-03
    7.529520e-03
    7.495849e-03
    7.462216e-03
    7.428622e-03
    7.395067e-03
    7.361549e-03
    7.328070e-03
    7.294629e-03
    7.261225e-03
    7.227859e-03
    7.194530e-03
    7.161240e-03
    7.127989e-03
    7.094775e-03
    7.061599e-03
    7.028460e-03
    6.995359e-03
    6.962296e-03
    6.929269e-03
    6.896279e-03
    6.863326e-03
    6.830409e-03
    6.797529e-03
);

rtmp
(
    0.000000e+00
    1.000000e-02
    2.000000e-02
    3.000000e-02
    4.000000e-02
    5.000000e-02
    6.000000e-02
    7.000000e-02
    8.000000e-02
    9.000000e-02
    1.000000e-01
    1.100000e-01
    1.200000e-01
    1.300000e-01
    1.400000e-01
    1.500000e-01
    1.600000e-01
    1.700000e-01
    1.800000e-01
    1.900000e-01
    2.000000e-01
    2.100000e-01
    2.200000e-01
    2.300000e-01
    2.400000e-01
    2.500000e-01
    2.600000e-01
    2.700000e-01
    2.800000e-01
    2.900000e-01
    3.000000e-01
    3.100000e-01
    3.200000e-01
    3.300000e-01
    3.400000e-01
    3.500000e-01
    3.600000e-01
    3.700000e-01
    3.800000e-01
    3.900000e-01
    4.000000e-01
    4.100000e-01
    4.200000e-01
    4.300000e-01
    4.400000e-01
    4.500000e-01
    4.600000e-01
    4.700000e-01
    4.800000e-01
    4.900000e-01
    5.000000e-01
    5.100000e-01
    5.200000e-01
    5.300000e-01
    5.400000e-01
    5.500000e-01
    5.600000e-01
    5.700000e-01
    5.800000e-01
    5.900000e-01
    6.000000e-01
    6.100000e-01
    6.200000e-01
    6.300000e-01
    6.400000e-01
    6.500000e-01
    6.600000e-01
    6.700000e-01
    6.800000e-01
    6.900000e-01
    7.000000e-01
    7.100000e-01
    7.200000e-01
    7.300000e-01
    7.400000e-01
    7.500000e-01
    7.600000e-01
    7.700000e-01
    7.800000e-01
    7.900000e-01
    8.000000e-01
    8.100000e-01
    8.200000e-01
    8.300000e-01
    8.400000e-01
    8.500000e-01
    8.600000e-01
    8.700000e-01
    8.800000e-01
    8.900000e-01
    9.000000e-01
    9.100000e-01
    9.200000e-01
    9.300000e-01
    9.400000e-01
    9.500000e-01
    9.600000e-01
    9.700000e-01
    9.800000e-01
    9.900000e-01
    1.000000e+00
    1.010000e+00
    1.020000e+00
    1.030000e+00
    1.040000e+00
    1.050000e+00
    1.060000e+00
    1.070000e+00
    1.080000e+00
    1.090000e+00
    1.100000e+00
    1.110000e+00
    1.120000e+00
    1.130000e+00
    1.140000e+00
    1.150000e+00
    1.160000e+00
    1.170000e+00
    1.180000e+00
    1.190000e+00
    1.200000e+00
    1.210000e+00
    1.220000e+00
    1.230000e+00
    1.240000e+00
    1.250000e+00
    1.260000e+00
    1.270000e+00
    1.280000e+00
    1.290000e+00
    1.300000e+00
    1.310000e+00
    1.320000e+00
    1.330000e+00
    1.340000e+00
    1.350000e+00
    1.360000e+00
    1.370000e+00
    1.380000e+00
    1.390000e+00
    1.400000e+00
    1.410000e+00
    1.420000e+00
    1.430000e+00
    1.440000e+00
    1.450000e+00
    1.460000e+00
    1.470000e+00
    1.480000e+00
    1.490000e+00
    1.500000e+00
    1.510000e+00
    1.520000e+00
    1.530000e+00
    1.540000e+00
    1.550000e+00
    1.560000e+00
    1.570000e+00
    1.580000e+00
    1.590000e+00
    1.600000e+00
    1.610000e+00
    1.620000e+00
    1.630000e+00
    1.640000e+00
    1.650000e+00
    1.660000e+00
    1.670000e+00
    1.680000e+00
    1.690000e+00
    1.700000e+00
    1.710000e+00
    1.720000e+00
    1.730000e+00
    1.740000e+00
    1.750000e+00
    1.760000e+00
    1.770000e+00
    1.780000e+00
    1.790000e+00
    1.800000e+00
    1.810000e+00
    1.820000e+00
    1.830000e+00
    1.840000e+00
    1.850000e+00
    1.860000e+00
    1.870000e+00
    1.880000e+00
    1.890000e+00
    1.900000e+00
    1.910000e+00
    1.920000e+00
    1.930000e+00
    1.940000e+00
    1.950000e+00
    1.960000e+00
    1.970000e+00
    1.980000e+00
    1.990000e+00
    2.000000e+00
    2.010000e+00
    2.020000e+00
    2.030000e+00
    2.040000e+00
    2.050000e+00
    2.060000e+00
    2.070000e+00
    2.080000e+00
    2.090000e+00
    2.100000e+00
    2.110000e+00
    2.120000e+00
    2.130000e+00
    2.140000e+00
    2.150000e+00
    2.160000e+00
    2.170000e+00
    2.180000e+00
    2.190000e+00
    2.200000e+00
    2.210000e+00
    2.220000e+00
    2.230000e+00
    2.240000e+00
    2.250000e+00
    2.260000e+00
    2.270000e+00
    2.280000e+00
    2.290000e+00
    2.300000e+00
    2.310000e+00
    2.320000e+00
    2.330000e+00
    2.340000e+00
    2.350000e+00
    2.360000e+00
    2.370000e+00
    2.380000e+00
    2.390000e+00
    2.400000e+00
    2.410000e+00
    2.420000e+00
    2.430000e+00
    2.440000e+00
    2.450000e+00
    2.460000e+00
    2.470000e+00
    2.480000e+00
    2.490000e+00
    2.500000e+00
    2.510000e+00
    2.520000e+00
    2.530000e+00
    2.540000e+00
    2.550000e+00
    2.560000e+00
    2.570000e+00
    2.580000e+00
    2.590000e+00
    2.600000e+00
    2.610000e+00
    2.620000e+00
    2.630000e+00
    2.640000e+00
    2.650000e+00
    2.660000e+00
    2.670000e+00
    2.680000e+00
    2.690000e+00
    2.700000e+00
    2.710000e+00
    2.720000e+00
    2.730000e+00
    2.740000e+00
    2.750000e+00
    2.760000e+00
    2.770000e+00
    2.780000e+00
    2.790000e+00
    2.800000e+00
    2.810000e+00
    2.820000e+00
    2.830000e+00
    2.840000e+00
    2.850000e+00
    2.860000e+00
    2.870000e+00
    2.880000e+00
    2.890000e+00
    2.900000e+00
    2.910000e+00
    2.920000e+00
    2.930000e+00
    2.940000e+00
    2.950000e+00
    2.960000e+00
    2.970000e+00
    2.980000e+00
    2.990000e+00
    3.000000e+00
    3.010000e+00
    3.020000e+00
    3.030000e+00
    3.040000e+00
    3.050000e+00
    3.060000e+00
    3.070000e+00
    3.080000e+00
    3.090000e+00
    3.100000e+00
    3.110000e+00
    3.120000e+00
    3.130000e+00
    3.140000e+00
    3.150000e+00
    3.160000e+00
    3.170000e+00
    3.180000e+00
    3.190000e+00
    3.200000e+00
    3.210000e+00
    3.220000e+00
    3.230000e+00
    3.240000e+00
    3.250000e+00
    3.260000e+00
    3.270000e+00
    3.280000e+00
    3.290000e+00
    3.300000e+00
    3.310000e+00
    3.320000e+00
    3.330000e+00
    3.340000e+00
    3.350000e+00
    3.360000e+00
    3.370000e+00
    3.380000e+00
    3.390000e+00
    3.400000e+00
    3.410000e+00
    3.420000e+00
    3.430000e+00
    3.440000e+00
    3.450000e+00
    3.460000e+00
    3.470000e+00
    3.480000e+00
    3.490000e+00
    3.500000e+00
);

fwtmp
(
    0.000000e+00
    1.346569e-02
    2.667161e-02
    3.962002e-02
    5.231315e-02
    6.475324e-02
    7.694253e-02
    8.888326e-02
    1.005777e-01
    1.120280e-01
    1.232365e-01
    1.342053e-01
    1.449368e-01
    1.554332e-01
    1.656967e-01
    1.757296e-01
    1.855340e-01
    1.951123e-01
    2.044666e-01
    2.135992e-01
    2.225124e-01
    2.312084e-01
    2.396894e-01
    2.479576e-01
    2.560154e-01
    2.638649e-01
    2.715084e-01
    2.789481e-01
    2.861863e-01
    2.932251e-01
    3.000669e-01
    3.067139e-01
    3.131683e-01
    3.194324e-01
    3.255083e-01
    3.313984e-01
    3.371048e-01
    3.426299e-01
    3.479758e-01
    3.531448e-01
    3.581392e-01
    3.629611e-01
    3.676128e-01
    3.720965e-01
    3.764146e-01
    3.805063e-01
    3.837031e-01
    3.875553e-01
    3.919367e-01
    3.968590e-01
    4.023297e-01
    4.083523e-01
    4.149268e-01
    4.220491e-01
    4.297119e-01
    4.379042e-01
    4.466122e-01
    4.558186e-01
    4.655036e-01
    4.756446e-01
    4.862167e-01
    4.971928e-01
    5.085436e-01
    5.202384e-01
    5.322449e-01
    5.445297e-01
    5.570583e-01
    5.697959e-01
    5.827071e-01
    5.957567e-01
    6.089097e-01
    6.221318e-01
    6.353899e-01
    6.486519e-01
    6.618878e-01
    6.750696e-01
    6.881716e-01
    7.011713e-01
    7.140494e-01
    7.267903e-01
    7.393827e-01
    7.518199e-01
    7.641002e-01
    7.762276e-01
    7.882118e-01
    8.000695e-01
    8.118240e-01
    8.235064e-01
    8.351558e-01
    8.468197e-01
    8.585550e-01
    8.704282e-01
    8.825158e-01
    8.949056e-01
    9.076965e-01
    9.209995e-01
    9.349382e-01
    9.496496e-01
    9.652844e-01
    9.821219e-01
    9.992516e-01
    1.014144e+00
    1.029292e+00
    1.044586e+00
    1.059914e+00
    1.075167e+00
    1.090234e+00
    1.105006e+00
    1.119372e+00
    1.133222e+00
    1.146446e+00
    1.158934e+00
    1.170575e+00
    1.181259e+00
    1.190876e+00
    1.199316e+00
    1.206468e+00
    1.212223e+00
    1.216470e+00
    1.219099e+00
    1.220000e+00
    1.220000e+00
    1.220000e+00
    1.220000e+00
    1.220000e+00
    1.220000e+00
    1.220000e+00
    1.220000e+00
    1.220000e+00
    1.220000e+00
    1.220000e+00
    1.220000e+00
    1.220000e+00
    1.220000e+00
    1.220000e+00
    1.220000e+00
    1.220000e+00
    1.220000e+00
    1.220000e+00
    1.220000e+00
    1.220000e+00
    1.220000e+00
    1.220000e+00
    1.220000e+00
    1.220000e+00
    1.220000e+00
    1.220000e+00
    1.220000e+00
    1.220000e+00
    1.220000e+00
    1.220000e+00
    1.220000e+00
    1.220000e+00
    1.220000e+00
    1.220000e+00
    1.220000e+00
    1.220000e+00
    1.220000e+00
    1.220000e+00
    1.220000e+00
    1.220000e+00
    1.220000e+00
    1.220000e+00
    1.220000e+00
    1.220000e+00
    1.220000e+00
    1.220000e+00
    1.220000e+00
    1.220000e+00
    1.220000e+00
    1.220000e+00
    1.220000e+00
    1.220000e+00
    1.220000e+00
    1.220000e+00
    1.220000e+00
    1.220000e+00
    1.220000e+00
    1.220000e+00
    1.220000e+00
    1.220000e+00
    1.220000e+00
    1.220000e+00
    1.220000e+00
    1.220000e+00
    1.220000e+00
    1.220000e+00
    1.220000e+00
    1.220000e+00
    1.220000e+00
    1.220000e+00
    1.220000e+00
    1.220000e+00
    1.220000e+00
    1.220000e+00
    1.220000e+00
    1.220000e+00
    1.220000e+00
    1.220000e+00
    1.220000e+00
    1.220000e+00
    1.220000e+00
    1.220000e+00
    1.220000e+00
    1.220000e+00
    1.220000e+00
    1.220000e+00
    1.220000e+00
    1.220000e+00
    1.220000e+00
    1.220000e+00
    1.220000e+00
    1.220000e+00
    1.220000e+00
    1.220000e+00
    1.220000e+00
    1.220000e+00
    1.220000e+00
    1.220000e+00
    1.220000e+00
    1.220000e+00
    1.220000e+00
    1.220000e+00
    1.220000e+00
    1.220000e+00
    1.220000e+00
    1.220000e+00
    1.220000e+00
    1.220000e+00
    1.220000e+00
    1.220000e+00
    1.220000e+00
    1.220000e+00
    1.220000e+00
    1.220000e+00
    1.220000e+00
    1.220000e+00
    1.220000e+00
    1.220000e+00
    1.220000e+00
    1.220000e+00
    1.220000e+00
    1.220000e+00
    1.220000e+00
    1.220000e+00
    1.220000e+00
    1.220000e+00
    1.220000e+00
    1.220000e+00
    1.220000e+00
    1.220000e+00
    1.220000e+00
    1.220000e+00
    1.220000e+00
    1.220000e+00
    1.220000e+00
    1.220000e+00
    1.220000e+00
    1.220000e+00
    1.220000e+00
    1.220000e+00
    1.220000e+00
    1.220000e+00
    1.220000e+00
    1.220000e+00
    1.220000e+00
    1.220000e+00
    1.220000e+00
    1.220000e+00
    1.220000e+00
    1.220000e+00
    1.220000e+00
    1.220000e+00
    1.220000e+00
    1.220000e+00
    1.220000e+00
    1.220000e+00
    1.220000e+00
    1.220000e+00
    1.220000e+00
    1.220000e+00
    1.220000e+00
    1.220000e+00
    1.220000e+00
    1.220000e+00
    1.220000e+00
    1.220000e+00
    1.220000e+00
    1.220000e+00
    1.220000e+00
    1.220000e+00
    1.220000e+00
    1.220000e+00
    1.220000e+00
    1.220000e+00
    1.220000e+00
    1.220000e+00
    1.220000e+00
    1.220000e+00
    1.220000e+00
    1.220000e+00
    1.220000e+00
    1.220000e+00
    1.220000e+00
    1.220000e+00
    1.220000e+00
    1.220000e+00
    1.220000e+00
    1.220000e+00
    1.220000e+00
    1.220000e+00
    1.220000e+00
    1.220000e+00
    1.220000e+00
    1.220000e+00
    1.220000e+00
    1.220000e+00
    1.220000e+00
    1.220000e+00
    1.220000e+00
    1.220000e+00
    1.220000e+00
    1.220000e+00
    1.220000e+00
    1.220000e+00
    1.220000e+00
    1.220000e+00
    1.220000e+00
    1.220000e+00
    1.220000e+00
    1.220000e+00
    1.220000e+00
    1.220000e+00
    1.220000e+00
    1.220000e+00
    1.220000e+00
    1.220000e+00
    1.220000e+00
    1.220000e+00
    1.220000e+00
    1.220000e+00
    1.220000e+00
    1.220000e+00
    1.220000e+00
    1.220000e+00
    1.220000e+00
    1.220000e+00
    1.220000e+00
    1.220000e+00
    1.220000e+00
    1.220000e+00
);



// ************************************************************************* //
