#chi            fv1
0.000000e+00    0.000000e+00
5.000000e-02    3.940366e-05
1.000000e-01    1.601593e-04
1.500000e-01    3.722609e-04
2.000000e-01    6.608758e-04
2.500000e-01    1.051528e-03
3.000000e-01    1.527461e-03
3.500000e-01    2.090813e-03
4.000000e-01    2.763490e-03
4.500000e-01    3.521752e-03
5.000000e-01    4.362839e-03
5.500000e-01    5.317203e-03
6.000000e-01    6.367870e-03
6.500000e-01    7.495545e-03
7.000000e-01    8.708382e-03
7.500000e-01    1.003072e-02
8.000000e-01    1.144556e-02
8.500000e-01    1.293541e-02
9.000000e-01    1.448570e-02
9.500000e-01    1.612914e-02
1.000000e+00    1.786680e-02
1.050000e+00    1.968180e-02
1.100000e+00    2.155724e-02
1.150000e+00    2.348430e-02
1.200000e+00    2.549161e-02
1.250000e+00    2.757261e-02
1.300000e+00    2.971425e-02
1.350000e+00    3.190346e-02
1.400000e+00    3.413494e-02
1.450000e+00    3.642954e-02
1.500000e+00    3.878104e-02
1.550000e+00    4.117971e-02
1.600000e+00    4.361579e-02
1.650000e+00    4.608350e-02
1.700000e+00    4.859803e-02
1.750000e+00    5.115629e-02
1.800000e+00    5.375127e-02
1.850000e+00    5.637597e-02
1.900000e+00    5.902398e-02
1.950000e+00    6.170412e-02
2.000000e+00    6.441792e-02
2.050000e+00    6.716049e-02
2.100000e+00    6.992696e-02
2.150000e+00    7.271242e-02
2.200000e+00    7.551714e-02
2.250000e+00    7.834761e-02
2.300000e+00    8.120082e-02
2.350000e+00    8.407344e-02
2.400000e+00    8.696212e-02
2.450000e+00    8.986379e-02
2.500000e+00    9.278251e-02
2.550000e+00    9.571936e-02
2.600000e+00    9.867208e-02
2.650000e+00    1.016385e-01
2.700000e+00    1.046162e-01
2.750000e+00    1.076039e-01
2.800000e+00    1.106051e-01
2.850000e+00    1.136193e-01
2.900000e+00    1.166452e-01
2.950000e+00    1.196811e-01
3.000000e+00    1.227256e-01
3.050000e+00    1.257778e-01
3.100000e+00    1.288404e-01
3.150000e+00    1.319128e-01
3.200000e+00    1.349940e-01
3.250000e+00    1.380830e-01
3.300000e+00    1.411787e-01
3.350000e+00    1.442805e-01
3.400000e+00    1.473902e-01
3.450000e+00    1.505075e-01
3.500000e+00    1.536318e-01
3.550000e+00    1.567623e-01
3.600000e+00    1.598983e-01
3.650000e+00    1.630391e-01
3.700000e+00    1.661856e-01
3.750000e+00    1.693384e-01
3.800000e+00    1.724967e-01
3.850000e+00    1.756602e-01
3.900000e+00    1.788281e-01
3.950000e+00    1.820000e-01
4.000000e+00    1.851758e-01
4.050000e+00    1.883566e-01
4.100000e+00    1.915420e-01
4.150000e+00    1.947316e-01
4.200000e+00    1.979249e-01
4.250000e+00    2.011214e-01
4.300000e+00    2.043207e-01
4.350000e+00    2.075235e-01
4.400000e+00    2.107301e-01
4.450000e+00    2.139401e-01
4.500000e+00    2.171531e-01
4.550000e+00    2.203687e-01
4.600000e+00    2.235865e-01
4.650000e+00    2.268063e-01
4.700000e+00    2.300288e-01
4.750000e+00    2.332541e-01
4.800000e+00    2.364818e-01
4.850000e+00    2.397116e-01
4.900000e+00    2.429430e-01
4.950000e+00    2.461757e-01
5.000000e+00    2.494095e-01
5.050000e+00    2.526453e-01
5.100000e+00    2.558830e-01
5.150000e+00    2.591222e-01
5.200000e+00    2.623625e-01
5.250000e+00    2.656037e-01
5.300000e+00    2.688454e-01
5.350000e+00    2.720873e-01
5.400000e+00    2.753304e-01
5.450000e+00    2.785745e-01
5.500000e+00    2.818193e-01
5.550000e+00    2.850646e-01
5.600000e+00    2.883099e-01
5.650000e+00    2.915550e-01
5.700000e+00    2.947995e-01
5.750000e+00    2.980441e-01
5.800000e+00    3.012890e-01
5.850000e+00    3.045339e-01
5.900000e+00    3.077786e-01
5.950000e+00    3.110226e-01
6.000000e+00    3.142658e-01
6.050000e+00    3.175076e-01
6.100000e+00    3.207483e-01
6.150000e+00    3.239886e-01
6.200000e+00    3.272283e-01
6.250000e+00    3.304670e-01
6.300000e+00    3.337046e-01
6.350000e+00    3.369405e-01
6.400000e+00    3.401746e-01
6.450000e+00    3.434065e-01
6.500000e+00    3.466370e-01
6.550000e+00    3.498662e-01
6.600000e+00    3.530940e-01
6.650000e+00    3.563199e-01
6.700000e+00    3.595438e-01
6.750000e+00    3.627652e-01
6.800000e+00    3.659838e-01
6.850000e+00    3.691996e-01
6.900000e+00    3.724134e-01
6.950000e+00    3.756251e-01
7.000000e+00    3.788346e-01
7.050000e+00    3.820414e-01
7.100000e+00    3.852453e-01
7.150000e+00    3.884460e-01
7.200000e+00    3.916432e-01
7.250000e+00    3.948368e-01
7.300000e+00    3.980277e-01
7.350000e+00    4.012159e-01
7.400000e+00    4.044010e-01
7.450000e+00    4.075828e-01
7.500000e+00    4.107609e-01
7.550000e+00    4.139351e-01
7.600000e+00    4.171051e-01
7.650000e+00    4.202707e-01
7.700000e+00    4.234329e-01
7.750000e+00    4.265917e-01
7.800000e+00    4.297467e-01
7.850000e+00    4.328978e-01
7.900000e+00    4.360445e-01
7.950000e+00    4.391867e-01
8.000000e+00    4.423240e-01
8.050000e+00    4.454561e-01
8.100000e+00    4.485840e-01
8.150000e+00    4.517078e-01
8.200000e+00    4.548274e-01
8.250000e+00    4.579423e-01
8.300000e+00    4.610523e-01
8.350000e+00    4.641572e-01
8.400000e+00    4.672566e-01
8.450000e+00    4.703502e-01
8.500000e+00    4.734384e-01
8.550000e+00    4.765220e-01
8.600000e+00    4.796008e-01
8.650000e+00    4.826744e-01
8.700000e+00    4.857426e-01
8.750000e+00    4.888050e-01
8.800000e+00    4.918615e-01
8.850000e+00    4.949117e-01
8.900000e+00    4.979555e-01
8.950000e+00    5.009937e-01
9.000000e+00    5.040265e-01
9.050000e+00    5.070538e-01
9.100000e+00    5.100752e-01
9.150000e+00    5.130904e-01
9.200000e+00    5.160991e-01
9.250000e+00    5.191011e-01
9.300000e+00    5.220961e-01
9.350000e+00    5.250840e-01
9.400000e+00    5.280660e-01
9.450000e+00    5.310420e-01
9.500000e+00    5.340117e-01
9.550000e+00    5.369749e-01
9.600000e+00    5.399311e-01
9.650000e+00    5.428802e-01
9.700000e+00    5.458218e-01
9.750000e+00    5.487557e-01
9.800000e+00    5.516821e-01
9.850000e+00    5.546019e-01
9.900000e+00    5.575152e-01
9.950000e+00    5.604215e-01
1.000000e+01    5.633206e-01
1.005000e+01    5.662122e-01
1.010000e+01    5.690960e-01
1.015000e+01    5.719717e-01
1.020000e+01    5.748390e-01
1.025000e+01    5.776981e-01
1.030000e+01    5.805501e-01
1.035000e+01    5.833950e-01
1.040000e+01    5.862323e-01
1.045000e+01    5.890618e-01
1.050000e+01    5.918833e-01
1.055000e+01    5.946964e-01
1.060000e+01    5.975008e-01
1.065000e+01    6.002962e-01
1.070000e+01    6.030826e-01
1.075000e+01    6.058613e-01
1.080000e+01    6.086323e-01
1.085000e+01    6.113953e-01
1.090000e+01    6.141500e-01
1.095000e+01    6.168960e-01
1.100000e+01    6.196332e-01
1.105000e+01    6.223613e-01
1.110000e+01    6.250798e-01
1.115000e+01    6.277885e-01
1.120000e+01    6.304886e-01
1.125000e+01    6.331805e-01
1.130000e+01    6.358640e-01
1.135000e+01    6.385388e-01
1.140000e+01    6.412045e-01
1.145000e+01    6.438609e-01
1.150000e+01    6.465077e-01
1.155000e+01    6.491446e-01
1.160000e+01    6.517712e-01
1.165000e+01    6.543878e-01
1.170000e+01    6.569957e-01
1.175000e+01    6.595948e-01
1.180000e+01    6.621849e-01
1.185000e+01    6.647655e-01
1.190000e+01    6.673366e-01
1.195000e+01    6.698976e-01
1.200000e+01    6.724484e-01
1.205000e+01    6.749886e-01
1.210000e+01    6.775179e-01
1.215000e+01    6.800371e-01
1.220000e+01    6.825473e-01
1.225000e+01    6.850482e-01
1.230000e+01    6.875394e-01
1.235000e+01    6.900208e-01
1.240000e+01    6.924918e-01
1.245000e+01    6.949524e-01
1.250000e+01    6.974022e-01
1.255000e+01    6.998408e-01
1.260000e+01    7.022681e-01
1.265000e+01    7.046852e-01
1.270000e+01    7.070927e-01
1.275000e+01    7.094905e-01
1.280000e+01    7.118782e-01
1.285000e+01    7.142556e-01
1.290000e+01    7.166223e-01
1.295000e+01    7.189780e-01
1.300000e+01    7.213225e-01
1.305000e+01    7.236554e-01
1.310000e+01    7.259766e-01
1.315000e+01    7.282872e-01
1.320000e+01    7.305880e-01
1.325000e+01    7.328786e-01
1.330000e+01    7.351588e-01
1.335000e+01    7.374283e-01
1.340000e+01    7.396869e-01
1.345000e+01    7.419342e-01
1.350000e+01    7.441699e-01
1.355000e+01    7.463938e-01
1.360000e+01    7.486056e-01
1.365000e+01    7.508062e-01
1.370000e+01    7.529968e-01
1.375000e+01    7.551770e-01
1.380000e+01    7.573466e-01
1.385000e+01    7.595053e-01
1.390000e+01    7.616527e-01
1.395000e+01    7.637888e-01
1.400000e+01    7.659131e-01
1.405000e+01    7.680254e-01
1.410000e+01    7.701255e-01
1.415000e+01    7.722136e-01
1.420000e+01    7.742915e-01
1.425000e+01    7.763588e-01
1.430000e+01    7.784154e-01
1.435000e+01    7.804610e-01
1.440000e+01    7.824954e-01
1.445000e+01    7.845183e-01
1.450000e+01    7.865294e-01
1.455000e+01    7.885285e-01
1.460000e+01    7.905153e-01
1.465000e+01    7.924896e-01
1.470000e+01    7.944530e-01
1.475000e+01    7.964059e-01
1.480000e+01    7.983482e-01
1.485000e+01    8.002794e-01
1.490000e+01    8.021995e-01
1.495000e+01    8.041081e-01
1.500000e+01    8.060051e-01
1.505000e+01    8.078901e-01
1.510000e+01    8.097630e-01
1.515000e+01    8.116235e-01
1.520000e+01    8.134718e-01
1.525000e+01    8.153096e-01
1.530000e+01    8.171368e-01
1.535000e+01    8.189533e-01
1.540000e+01    8.207587e-01
1.545000e+01    8.225529e-01
1.550000e+01    8.243356e-01
1.555000e+01    8.261066e-01
1.560000e+01    8.278656e-01
1.565000e+01    8.296126e-01
1.570000e+01    8.313471e-01
1.575000e+01    8.330700e-01
1.580000e+01    8.347825e-01
1.585000e+01    8.364845e-01
1.590000e+01    8.381757e-01
1.595000e+01    8.398560e-01
1.600000e+01    8.415251e-01
1.605000e+01    8.431828e-01
1.610000e+01    8.448290e-01
1.615000e+01    8.464634e-01
1.620000e+01    8.480858e-01
1.625000e+01    8.496960e-01
1.630000e+01    8.512948e-01
1.635000e+01    8.528834e-01
1.640000e+01    8.544617e-01
1.645000e+01    8.560294e-01
1.650000e+01    8.575864e-01
1.655000e+01    8.591324e-01
1.660000e+01    8.606673e-01
1.665000e+01    8.621908e-01
1.670000e+01    8.637029e-01
1.675000e+01    8.652032e-01
1.680000e+01    8.666916e-01
1.685000e+01    8.681688e-01
1.690000e+01    8.696360e-01
1.695000e+01    8.710932e-01
1.700000e+01    8.725401e-01
1.705000e+01    8.739765e-01
1.710000e+01    8.754024e-01
1.715000e+01    8.768174e-01
1.720000e+01    8.782215e-01
1.725000e+01    8.796144e-01
1.730000e+01    8.809960e-01
1.735000e+01    8.823661e-01
1.740000e+01    8.837249e-01
1.745000e+01    8.850741e-01
1.750000e+01    8.864135e-01
1.755000e+01    8.877431e-01
1.760000e+01    8.890626e-01
1.765000e+01    8.903720e-01
1.770000e+01    8.916710e-01
1.775000e+01    8.929594e-01
1.780000e+01    8.942372e-01
1.785000e+01    8.955041e-01
1.790000e+01    8.967600e-01
1.795000e+01    8.980048e-01
1.800000e+01    8.992398e-01
1.805000e+01    9.004656e-01
1.810000e+01    9.016820e-01
1.815000e+01    9.028888e-01
1.820000e+01    9.040860e-01
1.825000e+01    9.052732e-01
1.830000e+01    9.064505e-01
1.835000e+01    9.076177e-01
1.840000e+01    9.087745e-01
1.845000e+01    9.099209e-01
1.850000e+01    9.110567e-01
1.855000e+01    9.121822e-01
1.860000e+01    9.132989e-01
1.865000e+01    9.144068e-01
1.870000e+01    9.155056e-01
1.875000e+01    9.165954e-01
1.880000e+01    9.176758e-01
1.885000e+01    9.187468e-01
1.890000e+01    9.198083e-01
1.895000e+01    9.208601e-01
1.900000e+01    9.219021e-01
1.905000e+01    9.229341e-01
1.910000e+01    9.239560e-01
1.915000e+01    9.249687e-01
1.920000e+01    9.259732e-01
1.925000e+01    9.269692e-01
1.930000e+01    9.279567e-01
1.935000e+01    9.289356e-01
1.940000e+01    9.299056e-01
1.945000e+01    9.308668e-01
1.950000e+01    9.318190e-01
1.955000e+01    9.327620e-01
1.960000e+01    9.336957e-01
1.965000e+01    9.346200e-01
1.970000e+01    9.355348e-01
1.975000e+01    9.364412e-01
1.980000e+01    9.373399e-01
1.985000e+01    9.382307e-01
1.990000e+01    9.391134e-01
1.995000e+01    9.399881e-01
2.000000e+01    9.408545e-01
2.005000e+01    9.417126e-01
2.010000e+01    9.425622e-01
2.015000e+01    9.434033e-01
2.020000e+01    9.442357e-01
2.025000e+01    9.450592e-01
2.030000e+01    9.458739e-01
2.035000e+01    9.466808e-01
2.040000e+01    9.474804e-01
2.045000e+01    9.482727e-01
2.050000e+01    9.490576e-01
2.055000e+01    9.498349e-01
2.060000e+01    9.506046e-01
2.065000e+01    9.513665e-01
2.070000e+01    9.521206e-01
2.075000e+01    9.528667e-01
2.080000e+01    9.536048e-01
2.085000e+01    9.543347e-01
2.090000e+01    9.550563e-01
2.095000e+01    9.557704e-01
2.100000e+01    9.564779e-01
2.105000e+01    9.571786e-01
2.110000e+01    9.578725e-01
2.115000e+01    9.585594e-01
2.120000e+01    9.592393e-01
2.125000e+01    9.599121e-01
2.130000e+01    9.605776e-01
2.135000e+01    9.612358e-01
2.140000e+01    9.618866e-01
2.145000e+01    9.625298e-01
2.150000e+01    9.631654e-01
2.155000e+01    9.637936e-01
2.160000e+01    9.644158e-01
2.165000e+01    9.650318e-01
2.170000e+01    9.656415e-01
2.175000e+01    9.662449e-01
2.180000e+01    9.668419e-01
2.185000e+01    9.674324e-01
2.190000e+01    9.680162e-01
2.195000e+01    9.685933e-01
2.200000e+01    9.691637e-01
2.205000e+01    9.697271e-01
2.210000e+01    9.702836e-01
2.215000e+01    9.708330e-01
2.220000e+01    9.713765e-01
2.225000e+01    9.719144e-01
2.230000e+01    9.724467e-01
2.235000e+01    9.729733e-01
2.240000e+01    9.734940e-01
2.245000e+01    9.740089e-01
2.250000e+01    9.745177e-01
2.255000e+01    9.750205e-01
2.260000e+01    9.755171e-01
2.265000e+01    9.760074e-01
2.270000e+01    9.764914e-01
2.275000e+01    9.769690e-01
2.280000e+01    9.774403e-01
2.285000e+01    9.779066e-01
2.290000e+01    9.783679e-01
2.295000e+01    9.788240e-01
2.300000e+01    9.792749e-01
2.305000e+01    9.797206e-01
2.310000e+01    9.801608e-01
2.315000e+01    9.805956e-01
2.320000e+01    9.810248e-01
2.325000e+01    9.814484e-01
2.330000e+01    9.818662e-01
2.335000e+01    9.822783e-01
2.340000e+01    9.826844e-01
2.345000e+01    9.830852e-01
2.350000e+01    9.834815e-01
2.355000e+01    9.838732e-01
2.360000e+01    9.842604e-01
2.365000e+01    9.846428e-01
2.370000e+01    9.850205e-01
2.375000e+01    9.853933e-01
2.380000e+01    9.857611e-01
2.385000e+01    9.861239e-01
2.390000e+01    9.864815e-01
2.395000e+01    9.868340e-01
2.400000e+01    9.871811e-01
2.405000e+01    9.875228e-01
2.410000e+01    9.878598e-01
2.415000e+01    9.881929e-01
2.420000e+01    9.885219e-01
2.425000e+01    9.888468e-01
2.430000e+01    9.891675e-01
2.435000e+01    9.894839e-01
2.440000e+01    9.897959e-01
2.445000e+01    9.901035e-01
2.450000e+01    9.904065e-01
2.455000e+01    9.907048e-01
2.460000e+01    9.909984e-01
2.465000e+01    9.912872e-01
2.470000e+01    9.915711e-01
2.475000e+01    9.918507e-01
2.480000e+01    9.921269e-01
2.485000e+01    9.923995e-01
2.490000e+01    9.926684e-01
2.495000e+01    9.929336e-01
2.500000e+01    9.931950e-01
2.505000e+01    9.934525e-01
2.510000e+01    9.937060e-01
2.515000e+01    9.939554e-01
2.520000e+01    9.942006e-01
2.525000e+01    9.944415e-01
2.530000e+01    9.946781e-01
2.535000e+01    9.949102e-01
2.540000e+01    9.951412e-01
2.545000e+01    9.953790e-01
2.550000e+01    9.956213e-01
2.555000e+01    9.958651e-01
2.560000e+01    9.961076e-01
2.565000e+01    9.963461e-01
2.570000e+01    9.965776e-01
2.575000e+01    9.967992e-01
2.580000e+01    9.970082e-01
2.585000e+01    9.972017e-01
2.590000e+01    9.973768e-01
2.595000e+01    9.975307e-01
2.600000e+01    9.976605e-01
2.605000e+01    9.977653e-01
2.610000e+01    9.978635e-01
2.615000e+01    9.979604e-01
2.620000e+01    9.980557e-01
2.625000e+01    9.981496e-01
2.630000e+01    9.982419e-01
2.635000e+01    9.983325e-01
2.640000e+01    9.984215e-01
2.645000e+01    9.985087e-01
2.650000e+01    9.985941e-01
2.655000e+01    9.986775e-01
2.660000e+01    9.987591e-01
2.665000e+01    9.988386e-01
2.670000e+01    9.989161e-01
2.675000e+01    9.989914e-01
2.680000e+01    9.990645e-01
2.685000e+01    9.991354e-01
2.690000e+01    9.992039e-01
2.695000e+01    9.992701e-01
2.700000e+01    9.993338e-01
2.705000e+01    9.993951e-01
2.710000e+01    9.994537e-01
2.715000e+01    9.995097e-01
2.720000e+01    9.995631e-01
2.725000e+01    9.996137e-01
2.730000e+01    9.996614e-01
2.735000e+01    9.997063e-01
2.740000e+01    9.997483e-01
2.745000e+01    9.997872e-01
2.750000e+01    9.998231e-01
2.755000e+01    9.998559e-01
2.760000e+01    9.998855e-01
2.765000e+01    9.999118e-01
2.770000e+01    9.999348e-01
2.775000e+01    9.999545e-01
2.780000e+01    9.999707e-01
2.785000e+01    9.999834e-01
2.790000e+01    9.999926e-01
2.795000e+01    9.999981e-01
2.800000e+01    1.000000e+00
2.805000e+01    1.000000e+00
2.810000e+01    1.000000e+00
