#chi            fv2
0.000000e+00    1.015200e+00
5.000000e-02    9.477888e-01
1.000000e-01    8.999993e-01
1.500000e-01    8.500003e-01
2.000000e-01    8.000176e-01
2.500000e-01    7.500425e-01
3.000000e-01    7.001125e-01
3.500000e-01    6.502259e-01
4.000000e-01    6.003780e-01
4.500000e-01    5.506467e-01
5.000000e-01    5.010444e-01
5.500000e-01    4.515045e-01
6.000000e-01    4.021298e-01
6.500000e-01    3.530306e-01
7.000000e-01    3.041774e-01
7.500000e-01    2.554711e-01
8.000000e-01    2.070318e-01
8.500000e-01    1.589823e-01
9.000000e-01    1.114273e-01
9.500000e-01    6.419072e-02
1.000000e+00    1.729943e-02
1.050000e+00    -2.910893e-02
1.100000e+00    -7.489678e-02
1.150000e+00    -1.199956e-01
1.200000e+00    -1.646418e-01
1.250000e+00    -2.087495e-01
1.300000e+00    -2.521756e-01
1.350000e+00    -2.947770e-01
1.400000e+00    -3.365089e-01
1.450000e+00    -3.776423e-01
1.500000e+00    -4.180833e-01
1.550000e+00    -4.576927e-01
1.600000e+00    -4.963311e-01
1.650000e+00    -5.339323e-01
1.700000e+00    -5.708049e-01
1.750000e+00    -6.068929e-01
1.800000e+00    -6.420658e-01
1.850000e+00    -6.761931e-01
1.900000e+00    -7.091611e-01
1.950000e+00    -7.412613e-01
2.000000e+00    -7.725542e-01
2.050000e+00    -8.029195e-01
2.100000e+00    -8.322370e-01
2.150000e+00    -8.603864e-01
2.200000e+00    -8.874543e-01
2.250000e+00    -9.137487e-01
2.300000e+00    -9.391702e-01
2.350000e+00    -9.636073e-01
2.400000e+00    -9.869482e-01
2.450000e+00    -1.009095e+00
2.500000e+00    -1.030382e+00
2.550000e+00    -1.050913e+00
2.600000e+00    -1.070581e+00
2.650000e+00    -1.089277e+00
2.700000e+00    -1.106896e+00
2.750000e+00    -1.123399e+00
2.800000e+00    -1.139213e+00
2.850000e+00    -1.154341e+00
2.900000e+00    -1.168673e+00
2.950000e+00    -1.182097e+00
3.000000e+00    -1.194504e+00
3.050000e+00    -1.205890e+00
3.100000e+00    -1.216744e+00
3.150000e+00    -1.227037e+00
3.200000e+00    -1.236641e+00
3.250000e+00    -1.245431e+00
3.300000e+00    -1.253280e+00
3.350000e+00    -1.260151e+00
3.400000e+00    -1.266670e+00
3.450000e+00    -1.272832e+00
3.500000e+00    -1.278453e+00
3.550000e+00    -1.283349e+00
3.600000e+00    -1.287335e+00
3.650000e+00    -1.290242e+00
3.700000e+00    -1.292676e+00
3.750000e+00    -1.294953e+00
3.800000e+00    -1.296963e+00
3.850000e+00    -1.298594e+00
3.900000e+00    -1.299733e+00
3.950000e+00    -1.300269e+00
4.000000e+00    -1.300143e+00
4.050000e+00    -1.299481e+00
4.100000e+00    -1.298383e+00
4.150000e+00    -1.296943e+00
4.200000e+00    -1.295258e+00
4.250000e+00    -1.293421e+00
4.300000e+00    -1.291520e+00
4.350000e+00    -1.289149e+00
4.400000e+00    -1.286131e+00
4.450000e+00    -1.282597e+00
4.500000e+00    -1.278679e+00
4.550000e+00    -1.274507e+00
4.600000e+00    -1.270213e+00
4.650000e+00    -1.265887e+00
4.700000e+00    -1.261243e+00
4.750000e+00    -1.256242e+00
4.800000e+00    -1.250946e+00
4.850000e+00    -1.245415e+00
4.900000e+00    -1.239709e+00
4.950000e+00    -1.233890e+00
5.000000e+00    -1.227991e+00
5.050000e+00    -1.221865e+00
5.100000e+00    -1.215512e+00
5.150000e+00    -1.208969e+00
5.200000e+00    -1.202270e+00
5.250000e+00    -1.195452e+00
5.300000e+00    -1.188551e+00
5.350000e+00    -1.181591e+00
5.400000e+00    -1.174491e+00
5.450000e+00    -1.167245e+00
5.500000e+00    -1.159876e+00
5.550000e+00    -1.152408e+00
5.600000e+00    -1.144863e+00
5.650000e+00    -1.137265e+00
5.700000e+00    -1.129637e+00
5.750000e+00    -1.121939e+00
5.800000e+00    -1.114151e+00
5.850000e+00    -1.106288e+00
5.900000e+00    -1.098367e+00
5.950000e+00    -1.090402e+00
6.000000e+00    -1.082411e+00
6.050000e+00    -1.074407e+00
6.100000e+00    -1.066391e+00
6.150000e+00    -1.058327e+00
6.200000e+00    -1.050224e+00
6.250000e+00    -1.042092e+00
6.300000e+00    -1.033942e+00
6.350000e+00    -1.025786e+00
6.400000e+00    -1.017634e+00
6.450000e+00    -1.009497e+00
6.500000e+00    -1.001356e+00
6.550000e+00    -9.932006e-01
6.600000e+00    -9.850388e-01
6.650000e+00    -9.768785e-01
6.700000e+00    -9.687274e-01
6.750000e+00    -9.605931e-01
6.800000e+00    -9.524834e-01
6.850000e+00    -9.444032e-01
6.900000e+00    -9.363334e-01
6.950000e+00    -9.282734e-01
7.000000e+00    -9.202286e-01
7.050000e+00    -9.122045e-01
7.100000e+00    -9.042066e-01
7.150000e+00    -8.962405e-01
7.200000e+00    -8.883116e-01
7.250000e+00    -8.804220e-01
7.300000e+00    -8.725567e-01
7.350000e+00    -8.647164e-01
7.400000e+00    -8.569049e-01
7.450000e+00    -8.491263e-01
7.500000e+00    -8.413845e-01
7.550000e+00    -8.336833e-01
7.600000e+00    -8.260268e-01
7.650000e+00    -8.184168e-01
7.700000e+00    -8.108415e-01
7.750000e+00    -8.033006e-01
7.800000e+00    -7.957968e-01
7.850000e+00    -7.883330e-01
7.900000e+00    -7.809121e-01
7.950000e+00    -7.735368e-01
8.000000e+00    -7.662099e-01
8.050000e+00    -7.589340e-01
8.100000e+00    -7.517007e-01
8.150000e+00    -7.445071e-01
8.200000e+00    -7.373553e-01
8.250000e+00    -7.302472e-01
8.300000e+00    -7.231850e-01
8.350000e+00    -7.161707e-01
8.400000e+00    -7.092063e-01
8.450000e+00    -7.022938e-01
8.500000e+00    -6.954307e-01
8.550000e+00    -6.886102e-01
8.600000e+00    -6.818335e-01
8.650000e+00    -6.751020e-01
8.700000e+00    -6.684174e-01
8.750000e+00    -6.617810e-01
8.800000e+00    -6.551944e-01
8.850000e+00    -6.486590e-01
8.900000e+00    -6.421759e-01
8.950000e+00    -6.357388e-01
9.000000e+00    -6.293457e-01
9.050000e+00    -6.229980e-01
9.100000e+00    -6.166966e-01
9.150000e+00    -6.104426e-01
9.200000e+00    -6.042372e-01
9.250000e+00    -5.980814e-01
9.300000e+00    -5.919763e-01
9.350000e+00    -5.859216e-01
9.400000e+00    -5.799110e-01
9.450000e+00    -5.739447e-01
9.500000e+00    -5.680233e-01
9.550000e+00    -5.621478e-01
9.600000e+00    -5.563189e-01
9.650000e+00    -5.505375e-01
9.700000e+00    -5.448043e-01
9.750000e+00    -5.391203e-01
9.800000e+00    -5.334842e-01
9.850000e+00    -5.278909e-01
9.900000e+00    -5.223406e-01
9.950000e+00    -5.168341e-01
1.000000e+01    -5.113718e-01
1.005000e+01    -5.059545e-01
1.010000e+01    -5.005828e-01
1.015000e+01    -4.952573e-01
1.020000e+01    -4.899786e-01
1.025000e+01    -4.847458e-01
1.030000e+01    -4.795541e-01
1.035000e+01    -4.744037e-01
1.040000e+01    -4.692949e-01
1.045000e+01    -4.642285e-01
1.050000e+01    -4.592047e-01
1.055000e+01    -4.542242e-01
1.060000e+01    -4.492874e-01
1.065000e+01    -4.443949e-01
1.070000e+01    -4.395463e-01
1.075000e+01    -4.347372e-01
1.080000e+01    -4.299672e-01
1.085000e+01    -4.252365e-01
1.090000e+01    -4.205457e-01
1.095000e+01    -4.158952e-01
1.100000e+01    -4.112853e-01
1.105000e+01    -4.067164e-01
1.110000e+01    -4.021890e-01
1.115000e+01    -3.977033e-01
1.120000e+01    -3.932563e-01
1.125000e+01    -3.888458e-01
1.130000e+01    -3.844723e-01
1.135000e+01    -3.801360e-01
1.140000e+01    -3.758373e-01
1.145000e+01    -3.715766e-01
1.150000e+01    -3.673542e-01
1.155000e+01    -3.631704e-01
1.160000e+01    -3.590256e-01
1.165000e+01    -3.549190e-01
1.170000e+01    -3.508469e-01
1.175000e+01    -3.468092e-01
1.180000e+01    -3.428062e-01
1.185000e+01    -3.388381e-01
1.190000e+01    -3.349053e-01
1.195000e+01    -3.310080e-01
1.200000e+01    -3.271465e-01
1.205000e+01    -3.233212e-01
1.210000e+01    -3.195323e-01
1.215000e+01    -3.157778e-01
1.220000e+01    -3.120551e-01
1.225000e+01    -3.083645e-01
1.230000e+01    -3.047062e-01
1.235000e+01    -3.010805e-01
1.240000e+01    -2.974876e-01
1.245000e+01    -2.939278e-01
1.250000e+01    -2.904014e-01
1.255000e+01    -2.869086e-01
1.260000e+01    -2.834497e-01
1.265000e+01    -2.800219e-01
1.270000e+01    -2.766236e-01
1.275000e+01    -2.732552e-01
1.280000e+01    -2.699167e-01
1.285000e+01    -2.666084e-01
1.290000e+01    -2.633307e-01
1.295000e+01    -2.600836e-01
1.300000e+01    -2.568674e-01
1.305000e+01    -2.536823e-01
1.310000e+01    -2.505286e-01
1.315000e+01    -2.474037e-01
1.320000e+01    -2.443061e-01
1.325000e+01    -2.412359e-01
1.330000e+01    -2.381935e-01
1.335000e+01    -2.351790e-01
1.340000e+01    -2.321927e-01
1.345000e+01    -2.292346e-01
1.350000e+01    -2.263052e-01
1.355000e+01    -2.234044e-01
1.360000e+01    -2.205327e-01
1.365000e+01    -2.176880e-01
1.370000e+01    -2.148684e-01
1.375000e+01    -2.120741e-01
1.380000e+01    -2.093054e-01
1.385000e+01    -2.065623e-01
1.390000e+01    -2.038451e-01
1.395000e+01    -2.011540e-01
1.400000e+01    -1.984892e-01
1.405000e+01    -1.958507e-01
1.410000e+01    -1.932390e-01
1.415000e+01    -1.906531e-01
1.420000e+01    -1.880904e-01
1.425000e+01    -1.855509e-01
1.430000e+01    -1.830348e-01
1.435000e+01    -1.805422e-01
1.440000e+01    -1.780734e-01
1.445000e+01    -1.756285e-01
1.450000e+01    -1.732076e-01
1.455000e+01    -1.708110e-01
1.460000e+01    -1.684388e-01
1.465000e+01    -1.660911e-01
1.470000e+01    -1.637655e-01
1.475000e+01    -1.614611e-01
1.480000e+01    -1.591780e-01
1.485000e+01    -1.569164e-01
1.490000e+01    -1.546765e-01
1.495000e+01    -1.524585e-01
1.500000e+01    -1.502624e-01
1.505000e+01    -1.480884e-01
1.510000e+01    -1.459368e-01
1.515000e+01    -1.438076e-01
1.520000e+01    -1.417004e-01
1.525000e+01    -1.396127e-01
1.530000e+01    -1.375444e-01
1.535000e+01    -1.354957e-01
1.540000e+01    -1.334667e-01
1.545000e+01    -1.314575e-01
1.550000e+01    -1.294684e-01
1.555000e+01    -1.274994e-01
1.560000e+01    -1.255508e-01
1.565000e+01    -1.236225e-01
1.570000e+01    -1.217149e-01
1.575000e+01    -1.198269e-01
1.580000e+01    -1.179564e-01
1.585000e+01    -1.161037e-01
1.590000e+01    -1.142689e-01
1.595000e+01    -1.124520e-01
1.600000e+01    -1.106533e-01
1.605000e+01    -1.088729e-01
1.610000e+01    -1.071109e-01
1.615000e+01    -1.053674e-01
1.620000e+01    -1.036427e-01
1.625000e+01    -1.019368e-01
1.630000e+01    -1.002484e-01
1.635000e+01    -9.857614e-02
1.640000e+01    -9.691996e-02
1.645000e+01    -9.528003e-02
1.650000e+01    -9.365648e-02
1.655000e+01    -9.204945e-02
1.660000e+01    -9.045905e-02
1.665000e+01    -8.888542e-02
1.670000e+01    -8.732868e-02
1.675000e+01    -8.578896e-02
1.680000e+01    -8.426640e-02
1.685000e+01    -8.276005e-02
1.690000e+01    -8.126821e-02
1.695000e+01    -7.979098e-02
1.700000e+01    -7.832848e-02
1.705000e+01    -7.688082e-02
1.710000e+01    -7.544813e-02
1.715000e+01    -7.403054e-02
1.720000e+01    -7.262816e-02
1.725000e+01    -7.124111e-02
1.730000e+01    -6.986953e-02
1.735000e+01    -6.851352e-02
1.740000e+01    -6.717268e-02
1.745000e+01    -6.584509e-02
1.750000e+01    -6.453069e-02
1.755000e+01    -6.322958e-02
1.760000e+01    -6.194187e-02
1.765000e+01    -6.066770e-02
1.770000e+01    -5.940716e-02
1.775000e+01    -5.816038e-02
1.780000e+01    -5.692748e-02
1.785000e+01    -5.570858e-02
1.790000e+01    -5.450378e-02
1.795000e+01    -5.331313e-02
1.800000e+01    -5.213499e-02
1.805000e+01    -5.096869e-02
1.810000e+01    -4.981433e-02
1.815000e+01    -4.867204e-02
1.820000e+01    -4.754192e-02
1.825000e+01    -4.642409e-02
1.830000e+01    -4.531865e-02
1.835000e+01    -4.422572e-02
1.840000e+01    -4.314541e-02
1.845000e+01    -4.207784e-02
1.850000e+01    -4.102310e-02
1.855000e+01    -3.998073e-02
1.860000e+01    -3.894907e-02
1.865000e+01    -3.792810e-02
1.870000e+01    -3.691793e-02
1.875000e+01    -3.591867e-02
1.880000e+01    -3.493042e-02
1.885000e+01    -3.395329e-02
1.890000e+01    -3.298739e-02
1.895000e+01    -3.203282e-02
1.900000e+01    -3.108969e-02
1.905000e+01    -3.015810e-02
1.910000e+01    -2.923817e-02
1.915000e+01    -2.832883e-02
1.920000e+01    -2.742901e-02
1.925000e+01    -2.653880e-02
1.930000e+01    -2.565832e-02
1.935000e+01    -2.478765e-02
1.940000e+01    -2.392691e-02
1.945000e+01    -2.307620e-02
1.950000e+01    -2.223562e-02
1.955000e+01    -2.140527e-02
1.960000e+01    -2.058526e-02
1.965000e+01    -1.977569e-02
1.970000e+01    -1.897663e-02
1.975000e+01    -1.818680e-02
1.980000e+01    -1.740547e-02
1.985000e+01    -1.663275e-02
1.990000e+01    -1.586874e-02
1.995000e+01    -1.511354e-02
2.000000e+01    -1.436725e-02
2.005000e+01    -1.362997e-02
2.010000e+01    -1.290180e-02
2.015000e+01    -1.218284e-02
2.020000e+01    -1.147319e-02
2.025000e+01    -1.077295e-02
2.030000e+01    -1.008220e-02
2.035000e+01    -9.399702e-03
2.040000e+01    -8.724770e-03
2.045000e+01    -8.057505e-03
2.050000e+01    -7.398006e-03
2.055000e+01    -6.746372e-03
2.060000e+01    -6.102701e-03
2.065000e+01    -5.467092e-03
2.070000e+01    -4.839644e-03
2.075000e+01    -4.220457e-03
2.080000e+01    -3.609629e-03
2.085000e+01    -3.007258e-03
2.090000e+01    -2.413444e-03
2.095000e+01    -1.827265e-03
2.100000e+01    -1.247774e-03
2.105000e+01    -6.750695e-04
2.110000e+01    -1.092510e-04
2.115000e+01    4.495832e-04
2.120000e+01    1.001334e-03
2.125000e+01    1.545904e-03
2.130000e+01    2.083193e-03
2.135000e+01    2.613103e-03
2.140000e+01    3.135536e-03
2.145000e+01    3.650392e-03
2.150000e+01    4.157572e-03
2.155000e+01    4.657459e-03
2.160000e+01    5.151384e-03
2.165000e+01    5.639346e-03
2.170000e+01    6.121243e-03
2.175000e+01    6.596978e-03
2.180000e+01    7.066450e-03
2.185000e+01    7.529559e-03
2.190000e+01    7.986208e-03
2.195000e+01    8.436295e-03
2.200000e+01    8.879722e-03
2.205000e+01    9.316390e-03
2.210000e+01    9.746198e-03
2.215000e+01    1.016910e-02
2.220000e+01    1.058635e-02
2.225000e+01    1.099840e-02
2.230000e+01    1.140516e-02
2.235000e+01    1.180653e-02
2.240000e+01    1.220241e-02
2.245000e+01    1.259269e-02
2.250000e+01    1.297727e-02
2.255000e+01    1.335605e-02
2.260000e+01    1.372892e-02
2.265000e+01    1.409580e-02
2.270000e+01    1.445656e-02
2.275000e+01    1.481112e-02
2.280000e+01    1.515976e-02
2.285000e+01    1.550382e-02
2.290000e+01    1.584332e-02
2.295000e+01    1.617816e-02
2.300000e+01    1.650823e-02
2.305000e+01    1.683342e-02
2.310000e+01    1.715362e-02
2.315000e+01    1.746873e-02
2.320000e+01    1.777865e-02
2.325000e+01    1.808325e-02
2.330000e+01    1.838245e-02
2.335000e+01    1.867612e-02
2.340000e+01    1.896417e-02
2.345000e+01    1.924725e-02
2.350000e+01    1.952646e-02
2.355000e+01    1.980171e-02
2.360000e+01    2.007288e-02
2.365000e+01    2.033986e-02
2.370000e+01    2.060252e-02
2.375000e+01    2.086077e-02
2.380000e+01    2.111447e-02
2.385000e+01    2.136352e-02
2.390000e+01    2.160781e-02
2.395000e+01    2.184721e-02
2.400000e+01    2.208162e-02
2.405000e+01    2.231091e-02
2.410000e+01    2.253596e-02
2.415000e+01    2.275774e-02
2.420000e+01    2.297612e-02
2.425000e+01    2.319097e-02
2.430000e+01    2.340217e-02
2.435000e+01    2.360959e-02
2.440000e+01    2.381311e-02
2.445000e+01    2.401259e-02
2.450000e+01    2.420792e-02
2.455000e+01    2.439897e-02
2.460000e+01    2.458560e-02
2.465000e+01    2.476771e-02
2.470000e+01    2.494515e-02
2.475000e+01    2.511876e-02
2.480000e+01    2.528967e-02
2.485000e+01    2.545773e-02
2.490000e+01    2.562282e-02
2.495000e+01    2.578477e-02
2.500000e+01    2.594345e-02
2.505000e+01    2.609871e-02
2.510000e+01    2.625040e-02
2.515000e+01    2.639838e-02
2.520000e+01    2.654251e-02
2.525000e+01    2.668264e-02
2.530000e+01    2.681862e-02
2.535000e+01    2.695030e-02
2.540000e+01    2.708119e-02
2.545000e+01    2.721954e-02
2.550000e+01    2.736304e-02
2.555000e+01    2.750880e-02
2.560000e+01    2.765393e-02
2.565000e+01    2.779554e-02
2.570000e+01    2.793075e-02
2.575000e+01    2.805666e-02
2.580000e+01    2.817039e-02
2.585000e+01    2.826905e-02
2.590000e+01    2.834975e-02
2.595000e+01    2.840960e-02
2.600000e+01    2.844572e-02
2.605000e+01    2.845719e-02
2.610000e+01    2.846287e-02
2.615000e+01    2.846813e-02
2.620000e+01    2.847297e-02
2.625000e+01    2.847737e-02
2.630000e+01    2.848134e-02
2.635000e+01    2.848487e-02
2.640000e+01    2.848796e-02
2.645000e+01    2.849059e-02
2.650000e+01    2.849277e-02
2.655000e+01    2.849448e-02
2.660000e+01    2.849573e-02
2.665000e+01    2.849651e-02
2.670000e+01    2.849681e-02
2.675000e+01    2.849503e-02
2.680000e+01    2.848889e-02
2.685000e+01    2.847872e-02
2.690000e+01    2.846488e-02
2.695000e+01    2.844774e-02
2.700000e+01    2.842766e-02
2.705000e+01    2.840502e-02
2.710000e+01    2.838018e-02
2.715000e+01    2.835349e-02
2.720000e+01    2.832534e-02
2.725000e+01    2.829608e-02
2.730000e+01    2.826608e-02
2.735000e+01    2.823571e-02
2.740000e+01    2.820514e-02
2.745000e+01    2.817024e-02
2.750000e+01    2.812961e-02
2.755000e+01    2.808387e-02
2.760000e+01    2.803360e-02
2.765000e+01    2.797942e-02
2.770000e+01    2.792190e-02
2.775000e+01    2.786167e-02
2.780000e+01    2.779930e-02
2.785000e+01    2.773541e-02
2.790000e+01    2.767060e-02
2.795000e+01    2.760545e-02
2.800000e+01    2.754056e-02
2.805000e+01    2.747655e-02
2.810000e+01    2.741355e-02
2.815000e+01    2.734876e-02
2.820000e+01    2.728179e-02
2.825000e+01    2.721297e-02
2.830000e+01    2.714258e-02
2.835000e+01    2.707093e-02
2.840000e+01    2.699832e-02
2.845000e+01    2.692505e-02
2.850000e+01    2.685142e-02
2.855000e+01    2.677772e-02
2.860000e+01    2.670427e-02
2.865000e+01    2.663136e-02
2.870000e+01    2.655929e-02
2.875000e+01    2.648836e-02
2.880000e+01    2.641868e-02
2.885000e+01    2.634935e-02
2.890000e+01    2.628021e-02
2.895000e+01    2.621125e-02
2.900000e+01    2.614248e-02
2.905000e+01    2.607389e-02
2.910000e+01    2.600549e-02
2.915000e+01    2.593726e-02
2.920000e+01    2.586922e-02
2.925000e+01    2.580136e-02
2.930000e+01    2.573368e-02
2.935000e+01    2.566618e-02
2.940000e+01    2.559885e-02
2.945000e+01    2.553170e-02
2.950000e+01    2.546473e-02
2.955000e+01    2.539793e-02
2.960000e+01    2.533130e-02
2.965000e+01    2.526485e-02
2.970000e+01    2.519857e-02
2.975000e+01    2.513247e-02
2.980000e+01    2.506653e-02
2.985000e+01    2.500077e-02
2.990000e+01    2.493517e-02
2.995000e+01    2.486974e-02
3.000000e+01    2.480448e-02
3.005000e+01    2.473939e-02
3.010000e+01    2.467446e-02
3.015000e+01    2.460969e-02
3.020000e+01    2.454509e-02
3.025000e+01    2.448066e-02
3.030000e+01    2.441638e-02
3.035000e+01    2.435227e-02
3.040000e+01    2.428832e-02
3.045000e+01    2.422453e-02
3.050000e+01    2.416090e-02
3.055000e+01    2.409743e-02
3.060000e+01    2.403412e-02
3.065000e+01    2.397096e-02
3.070000e+01    2.390796e-02
3.075000e+01    2.384512e-02
3.080000e+01    2.378243e-02
3.085000e+01    2.371989e-02
3.090000e+01    2.365751e-02
3.095000e+01    2.359528e-02
3.100000e+01    2.353320e-02
3.105000e+01    2.347127e-02
3.110000e+01    2.340950e-02
3.115000e+01    2.334788e-02
3.120000e+01    2.328640e-02
3.125000e+01    2.322508e-02
3.130000e+01    2.316390e-02
3.135000e+01    2.310287e-02
3.140000e+01    2.304198e-02
3.145000e+01    2.298124e-02
3.150000e+01    2.292065e-02
3.155000e+01    2.286020e-02
3.160000e+01    2.279989e-02
3.165000e+01    2.273973e-02
3.170000e+01    2.267971e-02
3.175000e+01    2.261983e-02
3.180000e+01    2.256009e-02
3.185000e+01    2.250049e-02
3.190000e+01    2.244103e-02
3.195000e+01    2.238172e-02
3.200000e+01    2.232254e-02
3.205000e+01    2.226350e-02
3.210000e+01    2.220459e-02
3.215000e+01    2.214583e-02
3.220000e+01    2.208720e-02
3.225000e+01    2.202870e-02
3.230000e+01    2.197034e-02
3.235000e+01    2.191211e-02
3.240000e+01    2.185401e-02
3.245000e+01    2.179605e-02
3.250000e+01    2.173822e-02
3.255000e+01    2.168053e-02
3.260000e+01    2.162296e-02
3.265000e+01    2.156553e-02
3.270000e+01    2.150823e-02
3.275000e+01    2.145105e-02
3.280000e+01    2.139401e-02
3.285000e+01    2.133709e-02
3.290000e+01    2.128030e-02
3.295000e+01    2.122364e-02
3.300000e+01    2.116710e-02
3.305000e+01    2.111069e-02
3.310000e+01    2.105440e-02
3.315000e+01    2.099824e-02
3.320000e+01    2.094220e-02
3.325000e+01    2.088629e-02
3.330000e+01    2.083050e-02
3.335000e+01    2.077484e-02
3.340000e+01    2.071929e-02
3.345000e+01    2.066387e-02
3.350000e+01    2.060857e-02
3.355000e+01    2.055339e-02
3.360000e+01    2.049833e-02
3.365000e+01    2.044339e-02
3.370000e+01    2.038857e-02
3.375000e+01    2.033387e-02
3.380000e+01    2.027928e-02
3.385000e+01    2.022481e-02
3.390000e+01    2.017046e-02
3.395000e+01    2.011622e-02
3.400000e+01    2.006210e-02
3.405000e+01    2.000810e-02
3.410000e+01    1.995421e-02
3.415000e+01    1.990043e-02
3.420000e+01    1.984677e-02
3.425000e+01    1.979323e-02
3.430000e+01    1.973980e-02
3.435000e+01    1.968648e-02
3.440000e+01    1.963327e-02
3.445000e+01    1.958017e-02
3.450000e+01    1.952718e-02
3.455000e+01    1.947430e-02
3.460000e+01    1.942154e-02
3.465000e+01    1.936888e-02
3.470000e+01    1.931633e-02
3.475000e+01    1.926389e-02
3.480000e+01    1.921156e-02
3.485000e+01    1.915934e-02
3.490000e+01    1.910722e-02
3.495000e+01    1.905521e-02
3.500000e+01    1.900331e-02
3.505000e+01    1.895152e-02
3.510000e+01    1.889983e-02
3.515000e+01    1.884824e-02
3.520000e+01    1.879676e-02
3.525000e+01    1.874538e-02
3.530000e+01    1.869411e-02
3.535000e+01    1.864294e-02
3.540000e+01    1.859187e-02
3.545000e+01    1.854090e-02
3.550000e+01    1.849004e-02
3.555000e+01    1.843928e-02
3.560000e+01    1.838862e-02
3.565000e+01    1.833806e-02
3.570000e+01    1.828760e-02
3.575000e+01    1.823724e-02
3.580000e+01    1.818699e-02
3.585000e+01    1.813683e-02
3.590000e+01    1.808677e-02
3.595000e+01    1.803680e-02
3.600000e+01    1.798694e-02
3.605000e+01    1.793717e-02
3.610000e+01    1.788750e-02
3.615000e+01    1.783792e-02
3.620000e+01    1.778844e-02
3.625000e+01    1.773906e-02
3.630000e+01    1.768977e-02
3.635000e+01    1.764058e-02
3.640000e+01    1.759149e-02
3.645000e+01    1.754249e-02
3.650000e+01    1.749358e-02
3.655000e+01    1.744477e-02
3.660000e+01    1.739605e-02
3.665000e+01    1.734742e-02
3.670000e+01    1.729888e-02
3.675000e+01    1.725044e-02
3.680000e+01    1.720209e-02
3.685000e+01    1.715383e-02
3.690000e+01    1.710566e-02
3.695000e+01    1.705757e-02
3.700000e+01    1.700958e-02
3.705000e+01    1.696169e-02
3.710000e+01    1.691388e-02
3.715000e+01    1.686616e-02
3.720000e+01    1.681853e-02
3.725000e+01    1.677098e-02
3.730000e+01    1.672353e-02
3.735000e+01    1.667617e-02
3.740000e+01    1.662889e-02
3.745000e+01    1.658170e-02
3.750000e+01    1.653459e-02
3.755000e+01    1.648757e-02
3.760000e+01    1.644064e-02
3.765000e+01    1.639379e-02
3.770000e+01    1.634703e-02
3.775000e+01    1.630035e-02
3.780000e+01    1.625375e-02
3.785000e+01    1.620725e-02
3.790000e+01    1.616082e-02
3.795000e+01    1.611448e-02
3.800000e+01    1.606823e-02
3.805000e+01    1.602205e-02
3.810000e+01    1.597596e-02
3.815000e+01    1.592996e-02
3.820000e+01    1.588403e-02
3.825000e+01    1.583819e-02
3.830000e+01    1.579242e-02
3.835000e+01    1.574674e-02
3.840000e+01    1.570114e-02
3.845000e+01    1.565562e-02
3.850000e+01    1.561018e-02
3.855000e+01    1.556482e-02
3.860000e+01    1.551953e-02
3.865000e+01    1.547433e-02
3.870000e+01    1.542921e-02
3.875000e+01    1.538417e-02
3.880000e+01    1.533920e-02
3.885000e+01    1.529432e-02
3.890000e+01    1.524951e-02
3.895000e+01    1.520478e-02
3.900000e+01    1.516012e-02
3.905000e+01    1.511554e-02
3.910000e+01    1.507104e-02
3.915000e+01    1.502662e-02
3.920000e+01    1.498227e-02
3.925000e+01    1.493799e-02
3.930000e+01    1.489379e-02
3.935000e+01    1.484967e-02
3.940000e+01    1.480562e-02
3.945000e+01    1.476165e-02
3.950000e+01    1.471775e-02
3.955000e+01    1.467393e-02
3.960000e+01    1.463018e-02
3.965000e+01    1.458650e-02
3.970000e+01    1.454290e-02
3.975000e+01    1.449937e-02
3.980000e+01    1.445591e-02
3.985000e+01    1.441252e-02
3.990000e+01    1.436921e-02
3.995000e+01    1.432597e-02
4.000000e+01    1.428280e-02
4.005000e+01    1.423969e-02
4.010000e+01    1.419666e-02
4.015000e+01    1.415371e-02
4.020000e+01    1.411082e-02
4.025000e+01    1.406800e-02
4.030000e+01    1.402525e-02
4.035000e+01    1.398258e-02
4.040000e+01    1.393997e-02
4.045000e+01    1.389743e-02
4.050000e+01    1.385497e-02
4.055000e+01    1.381257e-02
4.060000e+01    1.377024e-02
4.065000e+01    1.372797e-02
4.070000e+01    1.368578e-02
4.075000e+01    1.364365e-02
4.080000e+01    1.360159e-02
4.085000e+01    1.355959e-02
4.090000e+01    1.351766e-02
4.095000e+01    1.347580e-02
4.100000e+01    1.343401e-02
4.105000e+01    1.339228e-02
4.110000e+01    1.335062e-02
4.115000e+01    1.330903e-02
4.120000e+01    1.326750e-02
4.125000e+01    1.322604e-02
4.130000e+01    1.318464e-02
4.135000e+01    1.314330e-02
4.140000e+01    1.310204e-02
4.145000e+01    1.306083e-02
4.150000e+01    1.301969e-02
4.155000e+01    1.297861e-02
4.160000e+01    1.293760e-02
4.165000e+01    1.289665e-02
4.170000e+01    1.285576e-02
4.175000e+01    1.281493e-02
4.180000e+01    1.277417e-02
4.185000e+01    1.273347e-02
4.190000e+01    1.269283e-02
4.195000e+01    1.265226e-02
4.200000e+01    1.261175e-02
4.205000e+01    1.257130e-02
4.210000e+01    1.253091e-02
4.215000e+01    1.249058e-02
4.220000e+01    1.245032e-02
4.225000e+01    1.241011e-02
4.230000e+01    1.236997e-02
4.235000e+01    1.232988e-02
4.240000e+01    1.228986e-02
4.245000e+01    1.224989e-02
4.250000e+01    1.220998e-02
4.255000e+01    1.217014e-02
4.260000e+01    1.213035e-02
4.265000e+01    1.209062e-02
4.270000e+01    1.205095e-02
4.275000e+01    1.201134e-02
4.280000e+01    1.197179e-02
4.285000e+01    1.193230e-02
4.290000e+01    1.189286e-02
4.295000e+01    1.185349e-02
4.300000e+01    1.181417e-02
4.305000e+01    1.177491e-02
4.310000e+01    1.173570e-02
4.315000e+01    1.169656e-02
4.320000e+01    1.165746e-02
4.325000e+01    1.161843e-02
4.330000e+01    1.157945e-02
4.335000e+01    1.154053e-02
4.340000e+01    1.150166e-02
4.345000e+01    1.146285e-02
4.350000e+01    1.142409e-02
4.355000e+01    1.138540e-02
4.360000e+01    1.134675e-02
4.365000e+01    1.130817e-02
4.370000e+01    1.126963e-02
4.375000e+01    1.123116e-02
4.380000e+01    1.119273e-02
4.385000e+01    1.115437e-02
4.390000e+01    1.111605e-02
4.395000e+01    1.107779e-02
4.400000e+01    1.103958e-02
4.405000e+01    1.100143e-02
4.410000e+01    1.096333e-02
4.415000e+01    1.092528e-02
4.420000e+01    1.088728e-02
4.425000e+01    1.084934e-02
4.430000e+01    1.081145e-02
4.435000e+01    1.077362e-02
4.440000e+01    1.073583e-02
4.445000e+01    1.069810e-02
4.450000e+01    1.066042e-02
4.455000e+01    1.062280e-02
4.460000e+01    1.058522e-02
4.465000e+01    1.054770e-02
4.470000e+01    1.051023e-02
4.475000e+01    1.047281e-02
4.480000e+01    1.043544e-02
4.485000e+01    1.039812e-02
4.490000e+01    1.036085e-02
4.495000e+01    1.032363e-02
4.500000e+01    1.028646e-02
4.505000e+01    1.024934e-02
4.510000e+01    1.021227e-02
4.515000e+01    1.017525e-02
4.520000e+01    1.013828e-02
4.525000e+01    1.010136e-02
4.530000e+01    1.006449e-02
4.535000e+01    1.002767e-02
4.540000e+01    9.990897e-03
4.545000e+01    9.954174e-03
4.550000e+01    9.917501e-03
4.555000e+01    9.880875e-03
4.560000e+01    9.844298e-03
4.565000e+01    9.807769e-03
4.570000e+01    9.771287e-03
4.575000e+01    9.734853e-03
4.580000e+01    9.698466e-03
4.585000e+01    9.662126e-03
4.590000e+01    9.625833e-03
4.595000e+01    9.589588e-03
4.600000e+01    9.553390e-03
4.605000e+01    9.517239e-03
4.610000e+01    9.481136e-03
4.615000e+01    9.445080e-03
4.620000e+01    9.409070e-03
4.625000e+01    9.373107e-03
4.630000e+01    9.337190e-03
4.635000e+01    9.301319e-03
4.640000e+01    9.265494e-03
4.645000e+01    9.229715e-03
4.650000e+01    9.193980e-03
4.655000e+01    9.158291e-03
4.660000e+01    9.122647e-03
4.665000e+01    9.087048e-03
4.670000e+01    9.051492e-03
4.675000e+01    9.015981e-03
4.680000e+01    8.980515e-03
4.685000e+01    8.945095e-03
4.690000e+01    8.909719e-03
4.695000e+01    8.874387e-03
4.700000e+01    8.839100e-03
4.705000e+01    8.803858e-03
4.710000e+01    8.768659e-03
4.715000e+01    8.733504e-03
4.720000e+01    8.698393e-03
4.725000e+01    8.663325e-03
4.730000e+01    8.628300e-03
4.735000e+01    8.593319e-03
4.740000e+01    8.558379e-03
4.745000e+01    8.523483e-03
4.750000e+01    8.488628e-03
4.755000e+01    8.453816e-03
4.760000e+01    8.419046e-03
4.765000e+01    8.384317e-03
4.770000e+01    8.349632e-03
4.775000e+01    8.314989e-03
4.780000e+01    8.280388e-03
4.785000e+01    8.245830e-03
4.790000e+01    8.211314e-03
4.795000e+01    8.176839e-03
4.800000e+01    8.142405e-03
4.805000e+01    8.108013e-03
4.810000e+01    8.073663e-03
4.815000e+01    8.039353e-03
4.820000e+01    8.005083e-03
4.825000e+01    7.970855e-03
4.830000e+01    7.936666e-03
4.835000e+01    7.902518e-03
4.840000e+01    7.868409e-03
4.845000e+01    7.834340e-03
4.850000e+01    7.800311e-03
4.855000e+01    7.766322e-03
4.860000e+01    7.732374e-03
4.865000e+01    7.698465e-03
4.870000e+01    7.664597e-03
4.875000e+01    7.630769e-03
4.880000e+01    7.596980e-03
4.885000e+01    7.563230e-03
4.890000e+01    7.529520e-03
4.895000e+01    7.495849e-03
4.900000e+01    7.462216e-03
4.905000e+01    7.428622e-03
4.910000e+01    7.395067e-03
4.915000e+01    7.361549e-03
4.920000e+01    7.328070e-03
4.925000e+01    7.294629e-03
4.930000e+01    7.261225e-03
4.935000e+01    7.227859e-03
4.940000e+01    7.194530e-03
4.945000e+01    7.161240e-03
4.950000e+01    7.127989e-03
4.955000e+01    7.094775e-03
4.960000e+01    7.061599e-03
4.965000e+01    7.028460e-03
4.970000e+01    6.995359e-03
4.975000e+01    6.962296e-03
4.980000e+01    6.929269e-03
4.985000e+01    6.896279e-03
4.990000e+01    6.863326e-03
4.995000e+01    6.830409e-03
5.000000e+01    6.797529e-03
