/*--------------------------------*- C++ -*----------------------------------*\
| =========                 |                                                 |
| \\      /  F ield         | OpenFOAM: The Open Source CFD Toolbox           |
|  \\    /   O peration     | Version:  v2106                                 |
|   \\  /    A nd           | Website:  www.openfoam.com                      |
|    \\/     M anipulation  |                                                 |
\*---------------------------------------------------------------------------*/
FoamFile
{
    version     2.0;
    format      ascii;
    arch        "LSB;label=32;scalar=64";
    class       cellSet;
    location    "constant/polyMesh/sets";
    object      underdeterminedCells;
}
// * * * * * * * * * * * * * * * * * * * * * * * * * * * * * * * * * * * * * //


3917
(
180226
81923
172037
196617
49162
147468
204817
17
163860
90133
139286
23
57369
147488
73760
114721
155684
32805
213033
122922
114731
81968
90170
213053
24640
204866
106562
81988
71
16460
90190
114768
155730
41043
172115
82004
24660
213077
204886
8279
32858
8283
94
172127
204898
57443
180325
102
155755
188523
114797
16496
98419
16499
57460
106615
32890
124
131197
139393
114817
32904
141
32909
188562
180380
90271
196767
98463
155808
164001
164006
123047
73899
172204
173
16560
24753
196787
139444
8374
57527
49338
155836
131262
196799
191
24772
90308
188615
8392
139464
180425
49355
131278
164047
49362
32980
214
90328
114906
24795
172252
180445
164062
188643
147684
82150
65768
73964
180461
65777
205042
164091
73980
106749
16641
123137
164099
41222
262
114955
16653
213262
16658
16659
123157
278
24858
16669
205087
16673
131361
123173
33061
16678
16681
98608
106801
205107
8503
57657
172347
131389
180542
49473
205123
49476
49477
147784
90442
8522
57677
131405
65871
41297
8530
139602
164180
172373
180565
33110
57689
49500
16735
74080
115041
156006
90470
33130
82284
41328
115057
74097
123254
33142
90486
8568
33146
82304
74113
196993
106882
33154
33159
115084
41357
90510
33166
172431
24976
156050
65940
82324
131477
413
197021
172447
57763
115113
188842
16811
156075
25008
197041
188850
106931
180660
16823
8633
442
115133
139710
447
197057
16836
16838
8646
106951
8647
33225
33230
188879
106963
33237
106971
156124
16861
477
90591
98783
82400
82402
41444
8677
74219
82415
49648
156144
172528
139760
57840
25077
221687
131578
8699
156156
508
164352
82433
139777
188931
49668
164359
139784
25097
205327
164367
197138
180756
90644
164377
131610
172572
41505
205347
172580
148004
148005
33318
66088
74280
180776
41525
107062
82486
164407
107063
57916
74300
123453
156225
581
115271
189000
57928
8778
8780
156237
8781
66126
123473
33363
596
598
139865
25178
107101
16990
57953
90722
612
123493
33383
131689
90729
131690
107114
618
172652
98927
90736
33399
180857
172667
17020
172672
213633
148100
82567
647
8839
33417
652
8845
139918
25232
41616
131729
66195
148120
58009
197274
74401
41634
17058
90787
156326
156327
156331
197294
115380
115381
205493
74422
123574
33465
17083
115387
82620
17089
197314
107202
8900
189125
711
172747
74446
8911
66256
25297
156370
8914
82644
164565
180951
17113
74459
172767
99041
58081
58083
66276
25317
140008
140009
58089
205546
748
749
180974
180975
140016
221941
25333
115449
49914
140028
140030
767
131841
107267
41732
99077
777
115469
783
140049
17170
197395
107283
181013
156440
792
82720
189218
806
49959
17194
140076
107310
123694
172848
818
123699
123700
213815
197432
49979
156476
164668
41789
140096
25414
181066
846
33617
41813
17239
9048
25434
131930
17243
172892
9056
164704
189283
148324
74596
33637
181094
66408
9064
99178
164723
74613
82806
107383
9079
58232
123769
33657
25465
148346
74620
156541
222080
115587
9091
107396
164743
156557
41869
17298
115607
140185
33696
132000
91041
172968
91049
132010
197546
99243
164780
172972
25518
132015
41905
33718
132022
953
91066
172987
99259
172989
148416
41921
50113
25538
205764
17351
140234
33739
9167
66515
148436
25558
205784
33758
189407
91104
17379
205796
148452
156647
156649
213996
132080
9202
189427
17399
115703
115704
82936
9215
115716
173063
82956
66572
164881
17429
181271
82968
189464
164889
1052
1054
173087
66596
99366
25639
33839
140336
140340
148533
115765
50230
58423
140350
107583
132161
17477
25672
99403
1100
115789
181326
33872
91219
99411
156756
9302
1113
42074
1116
50271
83040
205924
33892
9317
140392
9325
42094
1136
205936
124019
50291
9332
164982
58491
140412
17533
189565
181375
83078
132230
50311
1163
25740
17553
132242
181395
17557
173209
132250
205981
17565
115870
181407
1183
74912
107683
197797
66726
173222
83114
99498
66731
83119
17583
165039
17584
206001
33970
74932
17590
197817
148666
165056
206017
33990
165063
58572
33998
1235
115923
9430
66779
42205
173280
132320
1249
34018
9442
66787
91363
181476
132326
99559
173288
91369
132330
173292
173293
181488
107765
189688
83195
99579
148732
9474
50434
140550
83207
91401
189705
197898
181514
1292
148752
189712
132372
165144
25880
91417
132385
99617
148772
1319
156967
25897
132393
124206
34099
75059
83252
17716
116024
75065
156986
75068
173379
181574
107846
17736
66888
83272
42315
165197
1358
34128
91474
214359
173399
83288
181595
9563
66908
83295
189793
58722
17768
1386
9579
222576
116081
140658
148853
206197
1399
42360
181625
9595
107899
99708
58751
132481
116101
181638
9612
42380
91535
99731
50584
34202
206237
198047
140705
99746
91555
124326
17832
165293
83373
34223
75183
83379
181683
165301
140728
124344
58811
157120
132546
198083
50628
83398
17863
181703
91592
140748
34256
42448
83410
132562
34259
83413
181719
75228
116190
34272
9697
26084
222696
165355
108011
75248
9717
1530
148986
26108
165375
17920
108035
198148
9734
189961
9737
58892
9741
149006
116239
108048
1552
198164
1557
67095
9751
67099
140829
67104
132640
91680
108066
99875
189988
91685
42535
181800
173608
198185
124457
26154
206379
34348
173614
91698
99892
108085
34360
149048
99899
17985
140866
132674
50755
173637
149068
1615
132692
140886
67159
165464
83548
173661
140893
222815
18018
157284
132708
9832
18024
124522
75373
42606
83568
1654
124538
1661
190077
173695
9856
26243
18052
67204
157319
165513
157326
116368
181906
9874
91794
173715
34454
42647
83608
67224
59042
173731
34467
59047
42667
157359
140978
59061
108215
18105
34492
42687
198336
26308
108235
91851
1741
9934
1746
26324
222933
18133
149206
108247
34521
165600
83681
67298
1763
91875
83685
124646
181990
1772
165613
165614
75503
9968
173812
141044
59124
18172
1790
132862
157440
9988
206597
83718
165640
190218
141068
10000
198417
116498
190228
1813
1815
75544
173855
165671
1832
75564
34606
67377
1842
42807
83770
18234
190267
18235
108347
165691
108349
75584
1856
59200
18242
108355
157509
223050
42827
59212
157521
67415
67419
141149
100191
182111
92000
223073
214882
75618
1895
26472
108393
124777
92010
108398
173935
182130
18291
100211
1910
10105
51074
92038
18311
83851
51085
10125
133005
42898
141202
18323
67479
173981
10141
133028
26533
1957
133029
124838
75693
116657
18353
133044
42935
26553
124858
174011
223166
67520
108486
1990
42955
116684
174031
26576
206802
223186
67540
157655
190425
206814
59362
42979
174051
2020
51176
67560
157672
149485
108531
51188
18421
34808
133125
198662
92167
108551
116753
2068
108567
10263
108571
215069
165920
84002
84005
10283
190507
18478
165934
84015
141360
124977
34865
174132
84024
133178
157760
10306
18498
141380
223301
10309
165959
182344
34889
2125
116814
84047
190545
2129
18514
75860
125020
2145
116834
43108
2148
149605
190565
75880
149611
18540
10349
100462
43120
18545
108661
166007
84090
10362
108667
2171
59516
18556
75904
157825
116871
26759
166027
18575
157841
26776
100507
116891
141469
26783
92320
2209
10402
174243
34980
207014
2214
92327
133289
125097
92330
34988
51372
174255
100527
26803
26807
223415
174276
18629
215243
84171
141518
10447
133329
18646
67799
215260
174301
76001
157922
125154
133348
149736
2281
182506
18666
43244
190703
125171
133364
157945
125178
116991
43264
198912
35072
116997
43272
10506
174347
67856
223508
166165
117014
92438
157975
76059
59681
51492
141605
141608
67880
149801
141610
182572
51500
166189
10542
108847
2352
51508
35125
149817
141628
141631
18754
10562
108867
100676
2374
117073
141649
35153
108887
92503
141662
10593
84325
190822
26986
141676
125294
166257
215409
43377
2421
133494
166263
207225
182653
27006
190846
59775
18815
141696
125316
51589
18822
84361
133514
76176
207249
133526
223640
27035
117147
166304
2464
117154
149928
2472
35245
100782
27054
223663
166323
84403
199093
59832
27065
68025
10683
108987
158141
182722
108999
166347
182734
190927
10703
59856
141777
2514
43477
27094
18903
100823
68062
10719
43489
174563
174564
109029
35305
92650
100843
10734
2542
10739
133621
2549
199158
109049
92666
51706
10747
51707
174589
100863
84479
18945
2561
35330
10755
190980
199174
141834
18955
84491
43534
2585
166428
215580
10781
125470
27169
158242
117282
182821
133672
150056
133677
182831
125490
133684
117303
76350
19008
2630
174663
19016
2633
10825
109130
207435
68172
27214
35406
166481
117334
92758
76375
182873
35418
68192
51808
2657
141922
27234
141925
150117
117349
100966
207463
100968
109163
10865
158323
150137
191098
100990
10878
133765
191118
27278
2702
43664
2706
92819
43668
10902
27287
43672
19097
27297
84643
76455
92839
166569
174764
27309
199342
125615
182961
35506
133810
76467
166583
35511
35513
60095
215747
158404
51909
133830
2763
125645
142032
19152
174801
215763
35541
133846
35543
35547
84701
150242
166627
35555
150243
68326
191207
199403
166639
183026
60148
35576
43768
68345
158457
19199
199423
183042
166659
109320
27402
60176
11026
191256
207644
76575
11039
142113
68387
174883
174884
199461
92966
11047
101159
174890
125741
207664
27443
207668
174903
109369
84795
207676
101183
11073
52036
142150
27463
93001
68431
35668
43865
125786
68443
27483
166748
183133
2914
158562
117602
52071
215913
19307
125806
191343
134004
76663
76665
76668
215933
27521
68488
158600
109450
27531
166797
191373
93078
183191
52124
68508
84895
101280
191393
150433
76707
142245
175015
125863
11175
101288
2985
11182
150450
158643
60340
43960
150457
3003
3005
19391
43968
60366
93135
35792
19411
117717
11222
199647
44001
76771
125927
93159
175080
166889
35819
76779
207852
134126
125935
199664
76787
3062
199671
60408
175096
84985
60415
207872
134146
125954
158724
125965
216078
142352
3089
134166
117782
166935
216095
183329
68641
35874
150563
68643
216102
68648
166955
191531
27693
44080
60464
11313
68660
158773
68665
27710
85054
166975
68673
150594
60484
3140
76868
27717
158793
19531
11339
224335
60496
191569
158805
27733
44117
109656
142426
35931
3163
76892
68704
142433
101475
175204
207973
93286
27754
19564
11372
126061
27762
93298
109682
52341
101495
85111
3195
93312
19584
44161
134274
191621
175242
68747
85135
19601
126102
19608
191647
183458
60578
117922
52391
126122
183472
216242
191667
134328
208059
36028
109758
126142
158912
117952
3265
68804
216262
158918
191687
11463
167113
36041
109770
208079
199890
52440
117978
85212
150749
36061
101600
44257
11492
199910
175335
60647
158951
101608
19689
68844
158956
52460
60657
150769
101618
60661
52472
150777
44282
101632
3331
11526
134409
44298
93451
60686
27924
118037
19734
191768
183578
93471
77087
175396
60708
27944
19752
167209
134442
36142
167220
85300
175416
191805
134462
19778
159044
167240
52553
126285
183631
191825
118098
3413
216405
126294
19798
44377
3422
126305
150883
36195
68964
101734
118118
167271
3432
216425
60780
159089
101746
28026
167291
109949
11646
85374
36223
60800
68993
77188
159109
101771
167311
159125
200087
109976
159129
191898
208285
191902
52642
3496
77224
52650
44458
19887
191920
85427
208313
28099
191940
200132
93638
28111
85455
200152
19930
69083
191964
36318
167392
36320
93666
36323
19940
159206
126438
52711
151020
19951
118257
77301
36343
216567
134648
110074
183802
28156
126462
159232
69120
200196
19973
167429
159238
44553
216587
118284
93710
44560
28176
52756
36373
3605
151065
19993
93722
216607
142880
101920
101922
52776
167464
101930
69164
192045
151085
60977
36403
44596
36404
52792
3640
44603
36411
142913
93767
134729
183883
192078
61006
28240
118357
28246
77403
3675
93787
28254
126563
28263
208490
36460
126573
175729
167540
85626
44667
183932
208510
36480
167553
61059
167558
20103
44679
52873
208522
36492
200332
3725
118414
85647
183952
3729
11923
183964
126620
11936
126625
151201
102050
110242
69284
118438
61096
3753
216748
159405
102066
200373
11958
85687
28348
61116
151233
159425
192196
216772
200393
167631
208591
69330
110291
44756
143061
159445
159449
110298
20189
200413
134881
3811
77540
52964
28389
93927
3815
93929
134890
52970
36588
52972
85743
192240
93936
20209
200441
110333
44801
36610
102147
85763
3847
28429
85775
93967
3857
69403
53020
184094
167712
93986
208674
126754
28451
184099
3883
151340
12077
77615
134961
126774
110390
3902
118591
12098
44866
118595
225093
118602
216908
44877
20301
110414
20304
3922
28499
208730
12123
216928
143200
61281
53092
126821
44902
77670
102249
151401
143210
3947
69484
20340
20342
36726
159607
53112
184187
143228
135037
151421
61314
3971
94083
135049
36746
143246
3983
102288
143252
94103
36762
208795
143262
167841
44962
20386
126883
200613
4005
184232
94123
77739
85932
126894
176048
167857
44978
167860
77751
200633
20410
85946
208828
184252
126911
61379
4036
159688
53193
118730
184268
167887
200657
143316
118750
102366
126943
167904
69604
12262
217067
12268
200685
12279
61432
36858
28667
36859
151548
159741
4095
208897
45059
77832
28681
20491
143377
69650
61460
20503
159769
20506
110618
36891
151582
20513
36900
127013
143397
110629
176168
20520
53289
53290
184362
86059
94252
4141
127025
176177
20531
176184
36921
94266
176189
110653
86079
102467
192584
4173
69715
61529
4187
36956
127070
4190
69727
118881
77922
159843
4196
118885
159847
20584
118889
53355
118894
77935
45169
110706
127090
209010
200823
12408
45177
209018
20604
45181
77950
36993
4232
110734
159890
37013
77975
118936
94362
118940
53408
4257
45218
61605
151717
77990
200872
176299
69804
143536
217265
12469
151734
159927
135353
53436
151741
143550
94399
45258
143566
102608
184531
4307
20693
119001
45278
20706
127203
4324
78055
184551
94443
176364
20716
86252
127219
20726
78071
12537
86266
28922
184571
20731
209147
61691
176380
168190
86270
28931
61699
184579
12549
119046
160008
4360
168201
37134
168210
143636
168213
12566
28952
4377
192793
37146
119066
168219
176412
86301
168227
69926
37163
20783
45359
69939
160057
86338
78152
110924
143693
184653
217426
69970
61780
192854
110938
201053
127329
143717
86375
201065
53609
192874
37228
127345
135539
110966
176503
135543
176504
86395
29057
127366
184715
45452
37261
29069
70031
12691
168340
20884
4501
102811
135582
70047
78242
176547
12707
45478
45482
53675
111022
119214
12725
20920
78268
135612
37309
127426
111042
4547
111046
12743
209352
12749
111054
20947
4569
94682
53724
184796
119260
160224
152033
61923
102884
61926
78310
176619
53744
29168
70128
160240
45555
152053
135669
53756
102909
37378
135693
143886
102928
184849
119321
4635
111134
21023
102943
78371
127526
127527
176680
37416
193066
94763
37419
86572
4657
4660
4661
62007
78391
4665
4666
160316
86588
176700
37439
53825
119362
160328
201290
225868
53837
127569
4690
168533
119382
168535
12888
201306
135770
21084
53853
111200
193123
70248
119402
103018
29294
21104
152179
70259
37493
103030
193147
37501
29310
86658
78472
45704
144009
111244
184973
168595
4762
111258
78492
144029
119454
70304
21152
53921
225955
94884
53929
201387
4785
4787
86711
185016
176826
94912
176842
70347
37582
29391
168656
86739
209621
62165
103131
29403
135902
70367
144096
78562
152292
78564
168676
45797
4839
78568
29417
111338
53995
21228
152304
45815
135932
13053
111358
127746
29446
94994
226071
54040
119578
160539
86812
45853
152349
78621
95006
160544
13088
103201
103203
62246
62247
78634
54060
4908
37680
70448
135985
45873
152369
144178
37683
217907
21302
201526
144184
4921
185146
54076
103229
21309
103232
4937
136013
185166
119633
119641
185178
29532
78687
62307
176996
4964
21358
193391
37743
29552
21362
62323
177013
160632
78715
13179
177020
119678
37763
13191
62343
54157
127889
119698
37779
127894
144280
13209
201627
209820
13215
5024
111520
5029
103334
70567
119722
62380
185261
209840
111537
152498
185269
103350
86970
86971
5053
29633
86978
144325
111558
5064
111564
29646
218064
168915
13269
185304
5081
144345
29660
185309
54242
119779
136163
95204
95210
46058
177135
87027
5109
136188
46078
111617
103431
70663
29704
168972
62481
87059
29718
226328
13337
95259
103451
144413
70687
37921
46114
5156
168996
160806
185385
21545
13353
209965
78894
152624
185397
136245
111674
5178
13372
54336
13378
46152
29771
193613
95310
54356
87128
152665
37979
160859
46172
78941
95326
185442
103522
210018
103523
103530
78954
46188
218220
136301
152685
210030
70768
103542
5241
193658
160891
103549
152705
136321
5253
185478
21645
136333
193678
38034
103571
79003
152733
177312
62624
5280
62627
38054
128173
62639
79023
95407
169138
177332
160948
13496
119994
79035
46269
169149
62656
29890
29895
62663
38091
13516
160972
21710
128209
144600
13530
128220
5343
111840
152801
103650
29923
120042
5356
111857
111860
87286
210166
103670
5367
70908
79104
152833
21761
144641
111875
5383
29962
218379
79116
13583
111891
144661
62744
5402
46363
161053
202015
177440
136481
13603
79140
95524
177445
210215
95527
46376
95529
144681
128297
202027
46382
95536
38192
5426
177460
128309
136505
210234
30011
46395
136508
5439
111937
54594
70979
136515
103751
169288
46409
62797
30031
185680
54609
87379
136532
5460
70999
13656
30043
193883
169308
21853
5471
38239
71011
54632
120170
120173
38255
46452
111990
38270
13695
79234
13703
46472
95626
112018
87444
152981
79253
193944
21914
161179
46492
95646
38306
103843
161188
218533
103847
79274
30124
193964
21934
177583
185777
38323
218549
103862
30137
13754
38330
161211
30140
136637
13758
5568
54720
153025
62914
5574
13768
5580
120273
79319
62937
30171
5596
177628
120285
62944
169441
194022
128489
103913
210411
79339
30189
46573
95727
177648
5624
13817
79355
169469
62975
30207
202248
210441
38411
161292
13837
169487
144920
202264
13849
5659
103966
13861
30252
22062
194097
87602
112180
5686
13881
71228
185917
144957
218686
38464
30272
87622
79436
218702
30288
144977
13908
169559
63064
46687
177760
13924
128613
22119
177768
136808
194152
145001
202345
87659
95852
38509
38510
13934
177779
128629
112249
112250
177787
136827
136828
22143
71295
112257
38532
169604
5765
104071
210569
95882
46733
185998
177807
71315
22164
169624
63129
13979
46753
30369
194209
120481
71331
161443
120485
161447
120493
210606
54959
13999
30385
112306
30386
38579
30388
46773
30390
161462
194233
14015
136896
210626
5828
112326
128710
95942
38599
227017
14031
22224
112338
79573
95966
186079
14048
63202
30435
30437
63205
218854
104168
5865
14061
177903
202480
145136
71412
161524
136953
145150
55040
202500
120589
79635
112407
177944
71449
63257
30494
5920
38688
87841
79655
169769
128809
104233
177964
5932
96047
5936
30514
128819
22325
5947
63291
169789
194365
14142
177984
161600
55109
30534
87879
22345
169801
169802
161612
210767
38737
55121
14162
202581
104282
169819
178012
71522
218981
112485
186214
14182
22375
104302
120686
218993
22385
112500
14200
104314
71548
46972
153470
87935
210820
87942
14216
112521
79756
38796
145293
22417
30615
169879
6045
128929
145313
55205
96166
79782
137128
6056
178089
145321
194473
178099
112565
128949
186295
71611
194493
169920
14273
38853
104395
6093
71631
47055
169940
55252
22487
202711
88023
38873
161760
6114
71651
137188
30693
169960
55272
153576
6123
112622
30704
153588
161781
14326
161782
219127
137216
96258
22532
129030
219143
79887
14354
112658
96278
22552
219161
96290
104484
30757
14375
63531
14385
210993
14386
71732
137269
22587
6203
22588
55360
30785
22595
22597
47176
120905
79951
137297
178260
227412
22616
6234
22620
186460
120925
186463
104543
39011
129124
145508
104549
129126
129127
186471
178280
129129
104553
14442
129132
88178
170102
194679
63607
47224
161916
79999
178304
55425
194691
186503
14471
88200
219272
47242
63627
145552
55441
104598
137370
145564
55453
137376
6306
6307
112805
227494
71848
129192
6314
104618
22699
121006
30895
194736
145589
104634
153786
14523
71868
202941
88254
194756
14537
39114
211148
202961
186579
22740
170199
211160
39128
30941
202973
129245
121054
186591
137442
55525
137447
22760
137448
30952
39148
47340
137452
178419
55544
96505
22780
39168
112901
104715
71947
14604
6414
170256
63765
88343
219416
211224
31001
145690
22813
80163
153892
121124
170280
112938
6442
31021
203054
6452
153908
162101
47414
137528
137529
31033
96574
137536
80207
96594
6487
104801
96610
162147
14693
104811
63851
80238
137585
145778
14708
47479
22904
186746
31102
14718
162175
22912
186753
121221
137605
153989
47495
31114
39306
104843
211339
186763
186766
6543
137617
6557
121245
211359
203170
22949
104869
129452
47534
170414
88498
96691
63923
194998
203190
14775
162232
22969
129465
219579
55741
80319
211396
170436
88517
203206
219591
195018
63947
145868
22993
104914
137686
195038
23006
23007
23008
154080
211426
113125
104934
129512
121326
154098
186870
88570
31226
6650
113151
39424
6657
80388
6672
80400
203287
23063
39448
129561
72217
64028
14879
162338
178722
137762
121379
137763
55845
55847
203303
55850
129581
145965
178735
31282
55864
129593
113214
14911
96836
113221
14918
72263
219721
211529
105035
170572
64081
219737
211546
72283
146013
170592
154208
121440
211553
162402
80483
14947
121444
162406
39529
47722
6764
80494
31347
55923
162421
96890
6786
31363
203398
129674
23179
96910
80527
195222
113302
88728
203418
39582
187041
96930
162467
178855
23207
47783
195239
80551
64170
105131
72364
137901
64177
187057
178867
105141
187062
64184
6841
47803
195259
162495
15040
121537
137921
64195
56004
154309
15055
137937
39634
121557
219862
6876
154333
187103
121569
170722
15075
23268
105189
195303
129772
105197
23278
64239
97011
170740
162548
6903
129785
56057
203519
80639
6913
64259
31492
170756
88837
146184
129805
162576
15121
39701
187160
146204
15132
154400
105250
23333
47911
129832
39721
72494
187184
23345
121650
88886
105278
72510
113471
80704
72513
146241
47940
47944
88906
6989
170831
80720
129877
170843
64348
7009
138081
179042
138082
220002
179045
56167
154471
203625
129897
15213
146285
7021
72559
97136
56176
179060
56182
129913
138105
7034
113533
97153
39810
97156
113541
170888
7048
64397
15246
23440
31633
56209
31635
179093
203673
154524
170908
195486
15264
121760
121762
80803
23459
121764
72615
80810
162737
39859
56243
23484
7103
162752
80833
31682
15299
138180
23494
80839
162761
129994
97226
7120
89044
187350
211926
113622
7127
48088
162777
121820
162787
179171
170980
39909
72680
48105
138217
7146
179179
146411
220141
195567
105456
48112
7153
80882
7154
179187
105461
162808
72696
23545
187388
162815
220161
56324
187396
220173
64526
121873
15387
72732
121889
130082
171045
89127
39979
64555
31787
105517
15407
162864
7218
56373
187449
130105
39999
64575
171072
162884
171076
179268
89157
7238
56393
162896
56405
187477
23642
146524
72801
48228
23657
7275
195693
72814
23663
121970
89202
113782
220279
113787
81020
105598
72830
203903
89219
89226
171147
23691
220299
7310
23695
40080
130193
212113
23701
220315
23709
195741
56480
154785
179361
97442
130213
212133
7334
154791
56489
195753
146605
171184
113849
130233
179386
7354
105667
179395
97476
203972
97477
40137
64713
179402
97482
23758
105679
203984
31958
154840
64729
89307
122080
56545
122081
23778
72935
163047
7399
56551
171244
56556
154860
163057
122100
122102
195830
154872
40187
40189
220416
122114
138500
163077
97542
23815
81160
130314
7436
40204
89360
220436
97562
40221
48414
179486
64800
187681
122146
64802
40228
72996
64805
32039
105768
220456
187688
64809
146731
220460
15661
7471
146736
23859
105781
40248
73016
40258
7491
23875
56644
154953
212299
122189
228689
138581
114007
187737
73052
122209
89441
212323
204132
171365
89447
64871
171369
40298
97643
163180
32108
187757
130415
56689
23927
32120
187769
64891
15742
89472
163200
81283
179587
171396
48516
56709
89479
220552
171401
15754
64911
163216
32146
146836
56725
32150
48539
15773
195999
146848
73122
23972
204197
7589
15783
114088
15784
130476
89518
32175
196015
204213
48568
81336
114106
40379
73147
23996
7613
105918
73150
89538
40396
32204
163289
155097
171483
15838
64992
40416
56800
130529
97762
7653
97766
81382
155111
146925
56820
114165
56823
130557
105983
196096
171520
212484
65029
179720
114185
24077
105999
48656
155156
212504
138778
89627
24091
7708
179747
32292
138788
155176
81449
171564
155192
24123
138812
97858
122434
138820
163397
89676
48721
15955
40532
7764
97878
179800
15961
7772
65120
147041
32357
97894
171622
147051
73329
81522
32373
188024
163459
56964
16004
204421
40582
16009
32393
155273
122505
7820
188044
24207
16016
32400
114323
138901
24219
32411
73372
106143
196256
130721
130724
147108
171685
204453
130726
106150
97959
163496
171690
32429
171693
57005
196276
171702
97975
163516
212668
48828
89792
32448
57025
81603
89800
65231
147152
212688
40656
48849
7890
57045
40663
7897
48859
48860
147168
73440
130785
16097
114403
24296
89834
73451
130796
73459
81652
7925
155386
89854
24319
73471
196357
81672
16140
73490
24340
81684
16151
155417
171803
130845
65312
57120
24353
98082
139044
139052
16173
204591
147249
114481
57140
40757
7989
106299
130877
139073
65345
114498
180037
48968
114505
188239
155472
8019
8023
180055
32607
180064
106337
163681
98146
204644
155492
24423
122727
98154
171884
81773
188273
81779
212851
57207
24439
139128
155512
122744
32635
130946
49029
163717
212871
32648
89992
204683
130958
163727
180113
81810
32660
188310
49049
114586
212891
196512
65440
147361
106401
180133
98214
65448
188330
81835
32684
73648
180145
8115
196536
49084
65469
16318
8130
163779
122821
57288
24520
155593
106443
147406
114639
106448
24531
32724
8151
122841
8154
147420
221150
131041
155618
163812
90085
172010
172014
172021
49141
98295
16379
57341
8189
)


// ************************************************************************* //
