/*--------------------------------*- C++ -*----------------------------------*\
| =========                 |                                                 |
| \\      /  F ield         | OpenFOAM: The Open Source CFD Toolbox           |
|  \\    /   O peration     | Version:  v2106                                 |
|   \\  /    A nd           | Website:  www.openfoam.com                      |
|    \\/     M anipulation  |                                                 |
\*---------------------------------------------------------------------------*/
FoamFile
{
    version     2.0;
    format      ascii;
    arch        "LSB;label=32;scalar=64";
    class       cellSet;
    location    "constant/polyMesh/sets";
    object      underdeterminedCells;
}
// * * * * * * * * * * * * * * * * * * * * * * * * * * * * * * * * * * * * * //


3917
(
8192
8193
8194
8195
8196
8197
8198
8199
8200
8201
8202
8203
8204
8205
8206
8207
8208
8209
8210
8211
8212
8213
8214
8215
8216
8217
8218
8219
8220
8221
8222
8223
8224
8225
8226
8227
8228
8229
8230
8231
8232
8233
8234
8235
8236
8237
8238
8239
8240
8241
8242
8243
8256
8257
8258
8259
8260
8261
8262
8263
8264
8265
8266
8267
8268
8269
8270
8271
8272
8273
8274
8275
8276
8277
8278
8279
8280
8281
8282
8283
8284
8285
8286
8287
8288
8289
8290
16482
8291
16483
8292
16484
8293
16485
8294
16486
8295
16487
8296
16488
8297
16489
8298
16490
8299
16491
8300
16492
24684
8301
16493
24685
8302
16494
24686
8303
16495
24687
8304
16496
24688
8305
16497
24689
8306
16498
24690
8307
16499
24691
32883
8308
16500
24692
32884
8309
16501
24693
32885
32886
8310
16502
24694
32887
8311
16503
24695
32888
8312
16504
24696
32889
8313
16505
24697
32890
8314
16506
24698
32891
8315
16507
24699
41084
32892
8316
16508
24700
41085
32893
8317
16509
24701
41086
32894
8318
16510
24702
49279
41087
32895
8319
16511
24703
41088
8320
8321
8322
8323
8324
8325
8326
8327
8328
8329
8330
8331
8332
8333
8334
8335
8336
8337
8338
8339
8340
8341
8342
8352
8353
8354
8355
8356
8357
8358
8359
8360
8361
8362
8363
8364
8365
8366
8367
8368
8369
8370
8371
8372
8373
8374
8375
8376
8377
8378
8379
8380
8381
8382
8383
8384
8385
8386
8387
8388
8389
8390
8391
8392
8393
8394
8395
8396
8397
8398
8399
8400
8401
8402
8403
8404
8405
8406
8407
8408
8409
8410
8411
8412
8413
8414
8415
8416
8417
8418
8419
8420
8421
8422
8423
8424
8425
8426
8427
8428
8429
8430
8431
8432
8433
8434
8435
8436
8437
8438
8439
8440
8448
8449
8450
8451
8452
8453
8454
8455
8456
8457
8458
8459
8460
8461
8462
8463
8464
8465
8466
8467
8468
8469
8470
8471
8472
8473
8474
8475
8476
8477
8478
8479
8480
8481
8482
8483
8484
8485
8486
8487
8488
8489
8490
8491
8492
8493
8494
8495
8496
8497
8498
8499
8500
8501
8502
8503
8504
8505
8506
8507
8508
8509
8510
8511
8512
8513
8514
8515
8516
8517
8518
8519
8520
8521
8522
8523
8524
8525
8526
8527
8528
8529
8530
8531
8532
8533
8534
8535
8536
8537
8538
8539
8544
8545
8546
16738
8547
16739
8548
16740
8549
16741
8550
16742
8551
16743
8552
16744
8553
16745
8554
16746
8555
16747
8556
16748
24940
8557
16749
24941
8558
16750
24942
8559
16751
24943
8560
16752
24944
8561
16753
24945
8562
16754
24946
33139
8563
16755
24947
33140
8564
16756
24948
33141
8565
16757
24949
33142
8566
16758
24950
33143
8567
16759
24951
33144
8568
16760
24952
33145
8569
16761
24953
33146
8570
16762
24954
33147
8571
16763
24955
33148
8572
16764
24956
41341
33149
8573
16765
24957
41342
33150
8574
16766
24958
49535
41343
33151
8575
16767
24959
41344
8576
8577
8578
8579
8580
8581
8582
8583
8584
8585
8586
8587
8588
8589
8590
8591
8592
8593
8594
8595
8596
8597
8598
8599
8600
8601
8602
8603
8604
8605
8606
8607
8608
8609
8610
8611
8612
8613
8614
8615
8616
8617
8618
8619
8620
8621
8622
8623
8624
8625
8626
8627
8628
8629
8630
8631
8632
8633
8634
8635
8636
8637
8640
8641
8642
8643
8644
8645
8646
8647
8648
8649
8650
8651
8652
8653
8654
8655
8656
8657
8658
8659
8660
8661
8662
8663
8664
8665
8666
8667
8668
8669
8670
8671
8672
8673
8674
8675
8676
8677
8678
8679
8680
8681
8682
8683
8684
8685
8686
8687
8688
8689
8690
8691
8692
8693
8694
8695
8696
8697
8698
8699
8700
8701
8702
8703
8704
8705
8706
8707
8708
8709
8710
8711
8712
8713
8714
8715
8716
8717
8718
8719
8720
8721
8722
8723
8724
8725
8726
8727
8728
8729
8730
8731
8732
8733
8734
8735
8736
8737
8738
8739
8740
8741
8742
8743
8744
8745
8746
8747
8748
8749
8750
8751
8752
8753
8754
8755
8756
8757
8758
8759
8760
8761
8762
8763
8764
8765
8766
8767
8768
8769
8770
8771
8772
8773
8774
8775
8776
8777
8778
8779
8780
8781
8782
8783
8784
8785
8786
8787
8788
8789
8790
8791
8792
8793
8794
8795
8796
8797
8798
8799
8800
8801
8802
8803
16995
8804
16996
8805
16997
8806
16998
8807
16999
8808
17000
8809
17001
8810
17002
8811
17003
8812
17004
25196
8813
17005
25197
8814
17006
25198
8815
17007
25199
8816
17008
25200
8817
17009
25201
8818
17010
25202
33395
8819
17011
25203
33396
8820
17012
25204
33397
8821
17013
25205
33398
8822
17014
25206
33399
8823
17015
25207
33400
8824
17016
25208
33401
8825
17017
25209
33402
8826
17018
25210
33403
8827
17019
25211
33404
8828
17020
25212
41597
33405
8829
17021
25213
41598
33406
8830
17022
25214
49791
41599
33407
8831
17023
25215
41600
8832
8833
8834
8835
8836
8837
8838
8839
8840
8841
8842
8843
8844
8845
8846
8847
8848
8849
8850
8851
8852
8853
8854
8855
8856
8857
8858
8859
8860
8861
8862
8863
8864
8865
8866
8867
8868
8869
8870
8871
8872
8873
8874
8875
8876
8877
8878
8879
8880
8881
8882
8883
8884
8885
8886
8887
8888
8889
8890
8891
8892
8893
8894
8895
8896
8897
8898
8899
8900
8901
8902
8903
8904
8905
8906
8907
8908
8909
8910
8911
8912
8913
8914
8915
8916
8917
8918
8919
8920
8921
8922
8923
8924
8925
8926
8927
8928
8929
8930
8931
8932
8933
8934
8935
8936
8937
8938
8939
8940
8941
8942
8943
8944
8945
8946
8947
8948
8949
8950
8951
8952
8953
8954
8955
8956
8957
8958
8959
8960
8961
8962
8963
8964
8965
8966
8967
8968
8969
8970
8971
8972
8973
8974
8975
8976
8977
8978
8979
8980
8981
8982
8983
8984
8985
8986
8987
8988
8989
8990
8991
8992
8993
8994
8995
8996
8997
8998
8999
9000
9001
9002
9003
9004
9005
9006
9007
9008
9009
9010
9011
9012
9013
9014
9015
9016
9017
9018
9019
9020
9021
9022
9023
9024
9025
9026
9027
9028
9029
9030
9031
9032
9033
9034
9035
9036
9037
9038
9039
9040
9041
9042
9043
9044
9045
9046
9047
9048
9049
9050
9051
9052
9053
9054
9055
9056
9057
9058
9059
17251
9060
17252
9061
17253
9062
17254
9063
17255
9064
17256
9065
17257
9066
17258
9067
17259
9068
17260
9069
17261
25453
9070
17262
25454
9071
17263
25455
9072
17264
25456
9073
17265
25457
9074
17266
25458
33651
9075
17267
25459
33652
9076
17268
25460
33653
9077
17269
25461
33654
9078
17270
25462
33655
9079
17271
25463
33656
9080
17272
25464
33657
9081
17273
25465
33658
9082
17274
25466
33659
9083
17275
25467
33660
9084
17276
25468
33661
9085
17277
25469
41854
33662
9086
17278
25470
50047
41855
33663
9087
17279
25471
41856
9088
9089
9090
9091
9092
9093
9094
9095
9096
9097
9098
9099
9100
9101
9102
9103
9104
9105
9106
9107
9108
9109
9110
9111
9112
9113
9114
9115
9116
9117
9118
9119
9120
9121
9122
9123
9124
9125
9126
9127
9128
9129
9130
9131
9132
9133
9134
9135
9136
9137
9138
9139
9140
9141
9142
9143
9144
9145
9146
9147
9148
9149
9150
9151
9152
9153
9154
9155
9156
9157
9158
9159
9160
9161
9162
9163
9164
9165
9166
9167
9168
9169
9170
9171
9172
9173
9174
9175
9176
9177
9178
9179
9180
9181
9182
9183
9184
9185
9186
9187
9188
9189
9190
9191
9192
9193
9194
9195
9196
9197
9198
9199
9200
9201
9202
9203
9204
9205
9206
9207
9208
9209
9210
9211
9212
9213
9214
9215
9216
9240
9241
9242
9243
9244
9245
9246
9247
9248
9249
9250
9251
9252
9253
9254
9255
9256
9276
9277
9278
9279
9280
9281
9282
9283
9284
9285
9286
9287
9288
9289
9290
9291
9292
9293
9294
9295
9296
9297
9298
9299
9300
9301
9302
9303
9304
9305
9306
9307
9308
9309
9310
9311
9312
9313
9314
9315
17507
9316
17508
9317
17509
9318
17510
9319
17511
9320
17512
17513
17514
17515
17516
17517
25709
17518
25710
17519
25711
17520
25712
17521
25713
17522
25714
17523
25715
33908
17524
25716
33909
17525
25717
33910
17526
25718
33911
17527
25719
33912
9336
17528
25720
33913
9337
17529
25721
33914
9338
17530
25722
33915
9339
17531
25723
33916
9340
17532
25724
33917
9341
17533
25725
33918
9342
17534
25726
50303
42111
33919
9343
17535
25727
42112
9344
9345
9346
9347
9348
9349
9350
9351
9352
9353
9354
9355
9356
9357
9358
9359
9360
9361
9362
9363
9364
9365
9366
9367
9368
9369
9370
9371
9372
9373
9374
9375
9376
9377
9378
9379
9380
9396
9397
9398
9399
9400
9401
9402
9403
9404
9405
9406
9407
9408
9409
9410
9411
9412
9413
9414
9415
9416
9417
9418
9419
9420
9421
9422
9423
9424
9425
9426
9427
9428
9429
9430
9431
9432
9433
9434
9435
9436
9437
9438
9439
9456
9457
9458
9459
9460
9461
9462
9463
9464
9465
9466
9467
9468
9469
9470
9471
9477
9478
9479
9480
9481
9482
9483
9484
9485
9486
9487
9488
9489
9490
9491
9492
9493
9494
9495
9496
9497
9498
9516
9517
9518
9519
9520
9521
9522
9523
9524
9525
9526
9537
9538
9539
9540
9541
9542
9543
9544
9545
9546
9547
9548
9549
9550
9551
9552
9553
9554
9555
9556
9557
17764
17765
17766
17767
9576
17768
9577
17769
9578
17770
9579
17771
9580
17772
9581
17773
25965
9582
17774
25966
9583
17775
25967
17776
25968
17777
25969
17778
25970
17779
25971
34164
17780
25972
34165
17781
25973
34166
17782
25974
34167
17783
25975
34168
17784
25976
34169
17785
25977
34170
17786
25978
34171
17787
25979
34172
17788
25980
34173
17789
25981
34174
9598
17790
25982
50559
42367
34175
9599
17791
25983
42368
9600
9601
9602
9603
9604
9605
9606
9607
9608
9609
9610
9611
9612
9613
9614
9615
9616
9617
9636
9637
9638
9639
9640
9659
9660
9661
9662
9663
9664
9665
9666
9667
9668
9669
9670
9671
9672
9673
9674
9675
9676
9696
9697
9698
9720
9721
9722
9723
9724
9725
9726
9727
9728
9729
9730
9731
9732
9733
9734
9735
9756
9781
9782
9783
9784
9785
9786
9787
9788
9789
9790
9791
9792
9793
9794
9816
18020
18021
18022
18023
18024
18025
18026
18027
18028
18029
26221
18030
26222
18031
26223
18032
26224
18033
26225
9842
18034
26226
9843
18035
26227
34420
9844
18036
26228
34421
9845
18037
26229
34422
9846
18038
26230
34423
9847
18039
26231
34424
9848
18040
26232
34425
9849
18041
26233
34426
9850
18042
26234
34427
9851
18043
26235
34428
9852
18044
26236
34429
9853
18045
26237
34430
18046
26238
50815
42623
34431
18047
26239
42624
9876
9904
9905
9906
9907
9908
9909
9910
9911
9936
9965
9966
9967
9968
9969
9970
9996
10026
10027
10056
18276
18277
18278
18279
18280
18281
18282
18283
18284
18285
18286
26478
18287
26479
18288
26480
18289
26481
18290
26482
18291
26483
34676
18292
26484
34677
18293
26485
34678
18294
26486
34679
18295
26487
34680
18296
26488
34681
18297
26489
34682
18298
26490
34683
18299
26491
34684
18300
26492
34685
18301
26493
34686
18302
26494
51071
42879
34687
18303
26495
42880
10116
10176
10236
10296
18533
18534
18535
18536
18537
18538
18539
18540
18541
18542
26734
18543
26735
18544
26736
18545
26737
18546
26738
18547
26739
34932
10356
18548
26740
34933
18549
26741
34934
18550
26742
34935
18551
26743
34936
18552
26744
34937
18553
26745
34938
18554
26746
34939
18555
26747
34940
18556
26748
34941
18557
26749
34942
18558
26750
51327
43135
34943
18559
26751
43136
10416
10476
18789
18790
18791
18792
18793
18794
18795
18796
18797
18798
26990
18799
26991
18800
26992
18801
26993
18802
26994
18803
26995
18804
26996
35189
18805
26997
35190
18806
26998
35191
18807
26999
35192
18808
27000
35193
18809
27001
35194
18810
27002
35195
18811
27003
35196
18812
27004
35197
18813
27005
35198
18814
27006
51583
43391
35199
18815
27007
43392
19045
19046
19047
19048
19049
19050
19051
19052
19053
19054
27246
19055
27247
19056
27248
19057
27249
19058
27250
19059
27251
19060
27252
35445
19061
27253
35446
19062
27254
35447
19063
27255
35448
19064
27256
35449
19065
27257
35450
19066
27258
35451
19067
27259
35452
19068
27260
35453
19069
27261
35454
19070
27262
51839
43647
35455
19071
27263
19302
19303
19304
19305
19306
19307
19308
19309
19310
19311
27503
19312
27504
19313
27505
19314
27506
19315
27507
19316
27508
35701
19317
27509
35702
19318
27510
35703
19319
27511
35704
19320
27512
35705
19321
27513
35706
19322
27514
35707
19323
27515
35708
19324
27516
35709
19325
27517
35710
19326
27518
52095
43903
35711
19327
27519
19558
19559
19560
19561
19562
19563
19564
19565
19566
19567
27759
19568
27760
19569
27761
19570
27762
19571
27763
19572
27764
35957
19573
27765
35958
19574
27766
35959
19575
27767
35960
19576
27768
35961
19577
27769
35962
19578
27770
35963
19579
27771
35964
19580
27772
35965
19581
27773
35966
19582
27774
52351
44159
35967
19583
27775
19814
19815
19816
19817
19818
19819
19820
19821
19822
19823
28015
19824
28016
19825
28017
19826
28018
19827
28019
19828
28020
19829
28021
36214
19830
28022
36215
19831
28023
36216
19832
28024
36217
19833
28025
36218
19834
28026
36219
19835
28027
36220
19836
28028
36221
19837
28029
36222
19838
28030
52607
44415
36223
19839
28031
20071
20072
20073
20074
20075
20076
20077
20078
20079
28271
20080
28272
20081
28273
20082
28274
20083
28275
20084
28276
20085
28277
36470
20086
28278
36471
20087
28279
36472
20088
28280
36473
20089
28281
36474
20090
28282
36475
20091
28283
36476
20092
28284
36477
20093
28285
36478
20094
28286
52863
44671
36479
20095
28287
20327
20328
20329
20330
20331
20332
20333
20334
20335
28527
20336
28528
20337
28529
20338
28530
20339
28531
20340
28532
20341
28533
36726
20342
28534
36727
20343
28535
36728
20344
28536
36729
20345
28537
36730
20346
28538
36731
20347
28539
36732
20348
28540
36733
20349
28541
36734
20350
28542
53119
44927
36735
20351
28543
20583
20584
20585
20586
20587
20588
20589
20590
20591
20592
28784
20593
28785
20594
28786
20595
28787
20596
28788
20597
28789
36982
20598
28790
36983
20599
28791
36984
20600
28792
36985
20601
28793
36986
20602
28794
36987
20603
28795
36988
20604
28796
36989
20605
28797
36990
20606
28798
53375
45183
36991
20607
28799
20840
20841
20842
20843
20844
20845
20846
20847
20848
29040
20849
29041
20850
29042
20851
29043
20852
29044
20853
29045
37238
20854
29046
37239
20855
29047
37240
20856
29048
37241
20857
29049
37242
20858
29050
37243
20859
29051
37244
20860
29052
37245
20861
29053
37246
20862
29054
53631
45439
37247
20863
29055
21096
21097
21098
21099
21100
21101
21102
21103
21104
29296
21105
29297
21106
29298
21107
29299
21108
29300
21109
29301
21110
29302
37495
21111
29303
37496
21112
29304
37497
21113
29305
37498
21114
29306
37499
21115
29307
37500
21116
29308
37501
21117
29309
37502
21118
29310
53887
45695
37503
21119
29311
21352
21353
21354
21355
21356
21357
21358
21359
21360
29552
21361
29553
21362
29554
21363
29555
21364
29556
21365
29557
21366
29558
37751
21367
29559
37752
21368
29560
37753
21369
29561
37754
21370
29562
37755
21371
29563
37756
21372
29564
37757
21373
29565
37758
21374
29566
54143
45951
37759
21375
29567
21609
21610
21611
21612
21613
21614
21615
21616
21617
29809
21618
29810
21619
29811
21620
29812
21621
29813
21622
29814
38007
21623
29815
38008
21624
29816
38009
21625
29817
38010
21626
29818
38011
21627
29819
38012
21628
29820
38013
21629
29821
38014
21630
29822
54399
46207
38015
21631
29823
70784
38016
21865
21866
21867
21868
21869
21870
21871
21872
21873
30065
21874
30066
21875
30067
21876
30068
21877
30069
21878
30070
21879
30071
38264
21880
30072
38265
21881
30073
38266
21882
30074
38267
21883
30075
38268
21884
30076
38269
21885
30077
38270
21886
30078
54655
46463
38271
21887
30079
71040
38272
71041
38273
71042
38274
71043
71044
22121
22122
22123
22124
22125
22126
22127
22128
22129
30321
22130
30322
22131
30323
22132
30324
22133
30325
22134
30326
22135
30327
38520
22136
30328
38521
22137
30329
38522
22138
30330
38523
22139
30331
38524
22140
30332
38525
22141
30333
38526
22142
30334
46719
38527
22143
30335
71296
38528
71297
38529
71298
38530
71299
38531
71300
71301
71302
71303
71304
22377
22378
22379
22380
22381
22382
22383
22384
22385
30577
22386
30578
22387
30579
22388
30580
22389
30581
22390
30582
22391
30583
38776
22392
30584
38777
22393
30585
38778
22394
30586
38779
22395
30587
38780
22396
30588
38781
22397
30589
38782
22398
30590
46975
38783
22399
30591
71552
38784
71553
38785
71554
38786
71555
38787
71556
38788
71557
38789
71558
71559
71560
71561
71562
71563
71564
22634
22635
22636
22637
22638
22639
22640
22641
30833
22642
30834
22643
30835
22644
30836
22645
30837
22646
30838
22647
30839
22648
30840
39033
22649
30841
39034
22650
30842
39035
22651
30843
39036
22652
30844
39037
22653
30845
39038
22654
30846
47231
39039
22655
30847
71808
39040
71809
39041
71810
39042
71811
39043
71812
39044
71813
39045
71814
39046
71815
71816
71817
71818
71819
71820
71821
71822
71823
71824
14675
22890
22891
22892
22893
22894
22895
22896
22897
31089
22898
31090
22899
31091
22900
31092
22901
31093
22902
31094
22903
31095
22904
31096
39289
22905
31097
39290
22906
31098
39291
22907
31099
39292
22908
31100
39293
22909
31101
39294
22910
31102
47487
39295
22911
31103
72064
39296
72065
39297
72066
39298
72067
39299
72068
39300
72069
39301
72070
39302
72071
39303
72072
72073
72074
72075
72076
72077
72078
72079
14735
72080
72081
72082
72083
72084
72085
72086
72087
72088
72089
72090
72091
72092
72093
72094
72095
72096
72097
72098
72099
72100
72101
72102
72103
72104
72105
72106
72107
72108
72109
72110
72111
72112
72113
72114
72115
72116
72117
72118
72119
72120
72121
72122
72123
72124
72125
72126
72127
72128
72129
72130
72131
72132
72133
72134
72135
72136
72137
72138
14794
72139
14795
72140
72141
72142
72143
72144
72145
72146
72147
72148
72187
72188
72189
72190
72191
72192
72193
72194
72195
72196
72197
14853
72198
14854
72199
14855
72200
72201
72202
72203
72204
72205
72206
72207
72208
72209
72210
72211
72212
72213
72214
72215
72216
72217
72218
72219
72220
72221
72222
72223
72224
72225
72226
72227
72228
72229
72230
72231
72232
72233
72234
72235
72236
72237
72238
72239
72240
72241
72242
72243
72244
72245
72246
72247
72248
72249
72250
72251
72252
72253
72254
72255
72256
72257
14913
72258
14914
72259
14915
72260
72261
72262
72263
72264
72265
23146
23147
23148
23149
23150
23151
23152
23153
23154
31346
14963
23155
31347
14964
23156
31348
14965
23157
31349
14966
23158
31350
14967
23159
31351
14968
23160
31352
39545
14969
23161
31353
39546
14970
23162
31354
39547
14971
23163
31355
39548
14972
23164
31356
39549
14973
23165
31357
39550
14974
23166
31358
47743
39551
14975
23167
31359
39552
39553
39554
39555
39556
39557
39558
39559
15196
15197
15198
15199
15200
15201
15202
15203
15204
15205
15206
15207
15208
15209
15210
15211
23403
15212
23404
15213
23405
15214
23406
15215
23407
15216
23408
15217
23409
15218
23410
31602
15219
23411
31603
15220
23412
31604
15221
23413
31605
15222
23414
31606
15223
23415
31607
15224
23416
31608
15225
23417
31609
39802
15226
23418
31610
39803
15227
23419
31611
39804
15228
23420
31612
39805
15229
23421
31613
39806
15230
23422
31614
47999
39807
15231
23423
31615
39808
39809
39810
39811
39812
39813
39814
7104
7200
15457
15458
15459
15460
15461
15462
15463
15464
15465
15466
15467
23659
15468
23660
15469
23661
15470
23662
15471
23663
15472
23664
15473
23665
15474
23666
31858
15475
23667
31859
15476
23668
31860
15477
23669
31861
15478
23670
31862
15479
23671
31863
15480
23672
31864
15481
23673
31865
40058
15482
23674
31866
40059
15483
23675
31867
40060
15484
23676
31868
40061
15485
23677
31869
40062
15486
23678
31870
48255
40063
15487
23679
31871
40064
7296
40065
40066
40067
40068
40069
7392
7488
15713
15714
15715
15716
15717
15718
15719
15720
15721
15722
15723
23915
15724
23916
15725
23917
7534
15726
23918
7535
15727
23919
7536
15728
23920
15729
23921
15730
23922
32114
15731
23923
32115
15732
23924
32116
15733
23925
32117
15734
23926
32118
15735
23927
32119
15736
23928
32120
15737
23929
32121
15738
23930
32122
40315
15739
23931
32123
40316
15740
23932
32124
40317
15741
23933
32125
40318
15742
23934
32126
48511
40319
15743
23935
32127
40320
40321
40322
40323
7584
7613
7614
7615
7616
7617
7618
7619
7620
7621
7622
7623
7624
7625
7626
7627
7628
7629
7630
7631
7632
7633
7634
7635
7636
7637
7638
7639
7640
7641
7642
7643
7644
7645
7680
7699
7700
7701
7702
7703
7704
7705
7706
7707
7708
7709
7710
7711
7712
7713
7714
7715
7716
7717
7718
7719
7720
7721
7722
7723
7724
7725
7726
7727
7728
7729
7730
7731
7732
7733
7734
7735
7736
7737
7738
7739
7740
7741
7742
7743
7744
7745
7746
7776
15969
15970
7779
15971
7780
15972
7781
15973
7782
15974
7783
15975
7784
15976
7785
15977
7786
15978
7787
15979
24171
7788
15980
24172
7789
15981
24173
7790
15982
24174
7791
15983
24175
7792
15984
24176
7793
15985
24177
7794
15986
24178
32370
7795
15987
24179
32371
7796
15988
24180
32372
7797
15989
24181
32373
7798
15990
24182
32374
7799
15991
24183
32375
7800
15992
24184
32376
7801
15993
24185
32377
7802
15994
24186
32378
40571
7803
15995
24187
32379
40572
7804
15996
24188
32380
40573
7805
15997
24189
32381
40574
7806
15998
24190
32382
48767
40575
7807
15999
24191
32383
40576
7808
40577
7809
40578
7810
7811
7812
7813
7814
7815
7816
7817
7818
7819
7820
7821
7822
7823
7824
7825
7826
7827
7828
7829
7830
7831
7832
7833
7834
7835
7836
7837
7838
7839
7840
7841
7842
7843
7844
7845
7846
7872
7873
7874
7875
7876
7877
7878
7879
7880
7881
7882
7883
7884
7885
7886
7887
7888
7889
7890
7891
7892
7893
7894
7895
7896
7897
7898
7899
7900
7901
7902
7903
7904
7905
7906
7907
7908
7909
7910
7911
7912
7913
7914
7915
7916
7917
7918
7919
7920
7921
7922
7923
7924
7925
7926
7927
7928
7929
7930
7931
7932
7933
7934
7935
7936
7937
7938
7939
7940
7941
7942
7943
7944
7945
7946
7968
7969
7970
7971
7972
7973
7974
7975
7976
7977
7978
7979
7980
7981
7982
7983
7984
7985
7986
7987
7988
7989
7990
7991
7992
7993
7994
7995
7996
7997
7998
7999
8000
8001
8002
8003
8004
8005
8006
8007
8008
8009
8010
8011
8012
8013
8014
8015
8016
8017
8018
8019
8020
8021
8022
8023
8024
8025
8026
8027
8028
8029
8030
8031
8032
8033
8034
16226
8035
16227
8036
16228
8037
16229
8038
16230
8039
16231
8040
16232
8041
16233
8042
16234
8043
16235
8044
16236
24428
8045
16237
24429
16238
24430
16239
24431
16240
24432
16241
24433
16242
24434
16243
24435
32627
16244
24436
32628
16245
24437
32629
16246
24438
32630
16247
24439
32631
16248
24440
32632
16249
24441
32633
16250
24442
32634
16251
24443
32635
40828
16252
24444
32636
40829
16253
24445
32637
40830
16254
24446
32638
49023
40831
16255
24447
32639
40832
8064
8065
8066
8067
8068
8069
8070
8071
8072
8073
8074
8075
8076
8077
8078
8079
8080
8081
8082
8083
8084
8085
8086
8087
8088
8089
8090
8091
8092
8093
8094
8095
8096
8097
8098
8099
8100
8101
8102
8103
8104
8105
8106
8107
8108
8109
8110
8111
8112
8113
8114
8115
8116
8117
8118
8119
8120
8121
8122
8123
8124
8125
8126
8127
8128
8129
8130
8131
8132
8133
8134
8135
8136
8137
8138
8139
8140
8141
8142
8143
8144
8160
8161
8162
8163
8164
8165
8166
8167
8168
8169
8170
8171
8172
8173
8174
8175
8176
8177
8178
8179
8180
8181
8182
8183
8184
8185
8186
8187
8188
8189
8190
8191
)


// ************************************************************************* //
