/*--------------------------------*- C++ -*----------------------------------*\
| =========                 |                                                 |
| \\      /  F ield         | OpenFOAM: The Open Source CFD Toolbox           |
|  \\    /   O peration     | Version:  v2106                                 |
|   \\  /    A nd           | Website:  www.openfoam.com                      |
|    \\/     M anipulation  |                                                 |
\*---------------------------------------------------------------------------*/
FoamFile
{
    version     2.0;
    format      ascii;
    arch        "LSB;label=32;scalar=64";
    class       cellSet;
    location    "constant/polyMesh/sets";
    object      highAspectRatioCells;
}
// * * * * * * * * * * * * * * * * * * * * * * * * * * * * * * * * * * * * * //


227
(
149504
151588
151589
151590
151591
151592
151593
151594
151595
151596
147570
147571
147572
149657
149658
149659
149660
149661
149662
149663
149664
149665
151750
151751
151752
151753
151754
151755
147730
147731
147732
147733
149817
149818
149819
149820
149821
149822
149823
149824
149825
149826
151913
151914
147890
147891
147892
147893
147894
149978
149979
149980
149981
149982
149983
149984
149985
149986
149987
148051
148052
148053
148054
148055
150139
150140
150141
150142
150143
150144
150145
150146
150147
150148
148211
148212
148213
148214
148215
148216
150300
150301
150302
150303
150304
150305
150306
150307
150308
150309
148372
148373
148374
148375
148376
148377
150461
150462
150463
150464
150465
150466
150467
150468
150469
150470
148532
148533
148534
148535
148536
148537
148538
150622
150623
150624
150625
150626
150627
150628
150629
150630
150631
148693
148694
148695
148696
148697
148698
148699
150783
150784
150785
150786
150787
150788
150789
150790
150791
150792
148853
148854
148855
148856
148857
148858
148859
148860
150944
150945
150946
150947
150948
150949
150950
150951
150952
150953
149014
149015
149016
149017
149018
149019
149020
149021
151105
151106
151107
151108
151109
151110
151111
151112
151113
151114
147089
149175
149176
149177
149178
149179
149180
149181
149182
151266
151267
151268
151269
151270
151271
151272
151273
151274
151275
147249
147250
149335
149336
149337
149338
149339
149340
149341
149342
149343
151427
151428
151429
151430
151431
151432
151433
151434
151435
151436
147409
147410
147411
149496
149497
149498
149499
149500
149501
149502
149503
)


// ************************************************************************* //
