/*--------------------------------*- C++ -*----------------------------------*\
| =========                 |                                                 |
| \\      /  F ield         | OpenFOAM: The Open Source CFD Toolbox           |
|  \\    /   O peration     | Version:  v2106                                 |
|   \\  /    A nd           | Website:  www.openfoam.com                      |
|    \\/     M anipulation  |                                                 |
\*---------------------------------------------------------------------------*/
FoamFile
{
    version     2.0;
    format      ascii;
    arch        "LSB;label=32;scalar=64";
    class       cellSet;
    location    "constant/polyMesh/sets";
    object      highAspectRatioCells;
}
// * * * * * * * * * * * * * * * * * * * * * * * * * * * * * * * * * * * * * //


9977
(
0
1
2
3
4
5
6
7
8
9
10
11
12
163853
13
163854
14
163855
15
163856
16
163857
17
18
19
20
21
22
23
24
25
26
27
28
29
30
31
32
33
34
35
36
37
38
39
40
41
42
43
44
45
46
47
48
49
50
51
52
53
54
55
56
57
58
59
60
61
62
63
64
65
66
67
68
69
70
71
72
73
74
75
76
77
78
79
80
81
82
83
84
85
86
87
88
89
90
91
92
93
94
95
96
97
98
99
100
101
102
103
104
105
106
107
108
109
110
111
112
113
114
115
116
117
118
119
120
121
122
123
124
125
126
127
128
129
130
131
132
133
134
135
136
137
138
139
140
141
142
143
144
145
146
147
148
149
150
151
152
153
154
155
156
157
158
159
160
161
162
163
164
165
166
167
168
169
164010
170
164011
171
164012
172
164013
173
174
175
176
177
178
179
147636
180
147637
181
147638
182
147639
183
147640
184
147641
185
147642
186
147643
187
147644
188
147645
189
147646
190
147647
191
147648
192
147649
193
147650
194
147651
195
147652
196
147653
197
147654
198
147655
199
147656
200
147657
201
147658
202
147659
203
147660
204
147661
205
147662
206
147663
207
147664
208
147665
209
147666
210
147667
211
147668
212
147669
213
214
215
216
217
218
219
220
221
222
223
224
225
226
227
228
229
230
231
232
233
234
235
236
237
238
239
240
241
242
243
244
245
246
247
248
249
250
251
252
253
254
255
256
257
258
259
260
261
262
263
264
265
266
267
268
269
270
271
272
273
274
275
276
277
278
279
280
281
282
283
284
285
286
287
288
289
290
291
292
293
294
295
296
297
298
299
300
301
302
303
304
305
306
307
308
309
310
311
312
313
314
315
316
317
318
319
320
321
322
323
324
325
164166
326
164167
327
164168
328
329
330
331
332
333
334
335
336
337
338
339
340
341
342
343
344
345
346
347
348
349
350
351
352
353
354
355
356
357
358
359
360
361
362
363
364
365
366
367
368
369
370
371
372
373
374
375
376
377
378
379
380
381
382
383
384
385
386
387
388
389
390
391
392
393
394
395
147852
396
147853
397
147854
398
147855
399
147856
400
147857
401
147858
402
147859
403
147860
404
147861
405
147862
406
147863
407
147864
408
147865
409
147866
410
147867
411
147868
412
147869
413
147870
414
147871
415
147872
416
147873
417
147874
418
147875
419
147876
420
147877
421
147878
422
147879
423
147880
424
147881
425
147882
426
147883
427
147884
428
147885
429
147886
430
431
432
433
434
435
436
437
438
439
440
441
442
443
444
445
446
447
448
449
450
451
452
453
454
455
456
457
458
459
460
461
462
463
464
465
466
467
468
469
470
471
472
473
474
475
476
477
478
479
480
164321
481
164322
482
164323
483
484
485
486
487
488
489
490
491
492
493
494
495
496
497
498
499
500
501
502
503
504
505
506
507
508
509
510
511
512
513
514
515
516
517
518
519
520
521
522
523
524
525
526
527
528
529
530
531
532
533
534
535
536
537
538
539
540
541
542
543
544
545
546
547
548
549
550
551
552
553
554
555
556
557
558
559
560
561
562
563
564
565
566
567
568
569
570
571
572
573
574
575
576
577
578
579
580
581
582
583
584
585
586
587
588
589
590
591
592
593
594
595
596
597
598
599
600
601
602
603
604
605
606
607
608
609
610
611
148068
612
148069
613
148070
614
148071
615
148072
616
148073
617
148074
618
148075
619
148076
620
148077
621
148078
622
148079
623
148080
624
148081
625
148082
626
148083
627
148084
628
148085
629
148086
630
148087
631
148088
632
148089
633
148090
634
164475
148091
635
164476
148092
636
148093
637
148094
638
148095
639
148096
640
148097
641
148098
642
148099
643
148100
644
148101
645
148102
646
647
648
649
650
651
652
653
654
655
656
657
658
659
660
661
662
663
664
665
666
667
668
669
670
671
672
673
674
675
676
677
678
679
680
681
682
683
684
685
686
687
688
689
690
691
692
693
694
695
696
697
698
699
700
701
702
703
704
705
706
707
708
709
710
711
712
713
714
715
716
717
718
719
720
721
722
723
724
725
726
727
728
729
730
731
732
733
734
735
736
737
738
739
740
741
742
743
744
745
746
747
748
749
750
751
752
753
754
755
756
757
758
759
760
761
762
763
764
765
766
767
768
769
770
771
772
773
774
775
776
777
778
779
780
781
782
783
784
785
786
787
164628
788
789
790
791
792
793
794
795
796
797
798
799
800
801
802
803
804
805
806
807
808
809
810
811
812
813
814
815
816
817
818
819
820
821
822
823
824
825
826
827
148284
828
148285
829
148286
830
148287
831
148288
832
148289
833
148290
834
148291
835
148292
836
148293
837
148294
838
148295
839
148296
840
148297
841
148298
842
148299
843
148300
844
148301
845
148302
846
148303
847
148304
848
148305
849
148306
850
148307
851
148308
852
148309
853
148310
854
148311
855
148312
856
148313
857
148314
858
148315
859
148316
860
148317
861
148318
862
148319
863
864
865
866
867
868
869
870
871
872
873
874
875
876
877
878
879
880
881
882
883
884
885
886
887
888
889
890
891
892
893
894
895
896
897
898
899
900
901
902
903
904
905
906
907
908
909
910
911
912
913
914
915
916
917
918
919
920
921
922
923
924
925
926
927
928
929
930
931
932
933
934
935
936
937
938
939
164780
940
941
942
943
944
945
946
947
948
949
950
951
952
953
954
955
956
957
958
959
960
961
962
963
964
965
966
967
968
969
970
971
972
973
974
975
976
977
978
979
980
981
982
983
984
985
986
987
988
989
990
991
992
993
994
995
996
997
998
999
1000
1001
1002
1003
1004
1005
1006
1007
1008
1009
1010
1011
1012
1013
1014
1015
1016
1017
1018
1019
1020
1021
1022
1023
1024
1025
1026
1027
1028
1029
1030
1031
1032
1033
1034
1035
1036
1037
1038
1039
1040
1041
1042
1043
148500
1044
148501
1045
148502
1046
148503
1047
148504
1048
148505
1049
148506
1050
148507
1051
148508
1052
148509
1053
148510
1054
148511
1055
148512
1056
148513
1057
148514
1058
148515
1059
148516
1060
148517
1061
148518
1062
148519
1063
148520
1064
148521
1065
148522
1066
148523
1067
148524
1068
148525
1069
148526
1070
148527
1071
148528
1072
148529
1073
148530
1074
148531
1075
148532
1076
148533
1077
148534
1078
148535
1079
1080
1081
1082
1083
1084
1085
1086
1087
1088
1089
1090
1091
1092
1093
1094
1095
1096
1097
1098
1099
1100
1101
1102
1103
1104
1105
1106
1107
1108
1109
1110
1111
1112
1113
1114
1115
1116
1117
1118
1119
1120
1121
1122
1123
1124
1125
1126
1127
1128
1129
1130
1131
1132
1133
1134
1135
1136
1137
1138
1139
1140
1141
1142
1143
1144
1145
1146
1147
1148
1149
1150
1151
1152
1153
1154
1155
1156
1157
1158
1159
1160
1161
1162
1163
1164
1165
1166
1167
1168
1169
1170
1171
1172
1173
1174
1175
1176
1177
1178
1179
1180
1181
1182
1183
1184
1185
1186
1187
1188
1189
1190
1191
1192
1193
1194
1195
1196
1197
1198
1199
1200
1201
1202
1203
1204
1205
1206
1207
1208
1209
1210
1211
1212
1213
1214
1215
1216
1217
1218
1219
1220
1221
1222
1223
1224
1225
1226
1227
1228
132300
1229
1230
1231
1232
1233
1234
1235
1236
1237
1238
1239
1240
1241
1242
1243
1244
1245
1246
1247
1248
1249
1250
1251
1252
1253
1254
1255
1256
1257
1258
1259
148716
1260
148717
1261
148718
1262
148719
1263
148720
1264
148721
1265
148722
1266
148723
1267
148724
1268
148725
1269
148726
1270
148727
1271
148728
1272
148729
1273
148730
1274
148731
1275
148732
1276
148733
1277
148734
1278
148735
1279
148736
1280
148737
1281
148738
1282
148739
1283
148740
1284
148741
1285
148742
1286
148743
1287
148744
1288
148745
1289
148746
1290
148747
1291
148748
1292
148749
1293
148750
1294
148751
1295
1296
1297
1298
1299
1300
1301
1302
1303
1304
1305
1306
1307
1308
1309
1310
1311
1312
1313
1314
1315
1316
1317
1318
1319
1320
1321
1322
1323
1324
1325
1326
1327
1328
1329
1330
1331
1332
1333
1334
1335
1336
1337
1338
1339
1340
1341
1342
1343
1344
1345
1346
1347
1348
1349
1350
1351
1352
1353
1354
1355
1356
1357
1358
1359
1360
1361
1362
1363
1364
1365
1366
1367
1368
1369
1370
1371
1372
1373
1374
1375
1376
1377
1378
1379
1380
1381
1382
1383
1384
1385
1386
1387
1388
1389
1390
1391
1392
1393
1394
1395
1396
1397
1398
1399
1400
1401
1402
1403
1404
1405
1406
1407
1408
1409
1410
1411
1412
1413
1414
1415
1416
1417
1418
1419
1420
1421
1422
1423
1424
1425
1426
1427
1428
1429
1430
1431
1432
1433
1434
1435
1436
1437
1438
1439
1440
1441
1442
1443
1444
132516
1445
132517
1446
1447
1448
1449
1450
1451
1452
1453
1454
1455
1456
1457
1458
1459
1460
1461
1462
1463
1464
1465
1466
1467
1468
1469
1470
1471
1472
1473
1474
1475
148932
1476
148933
1477
148934
1478
148935
1479
148936
1480
148937
1481
148938
1482
148939
1483
148940
1484
148941
1485
148942
1486
148943
1487
148944
1488
148945
1489
148946
1490
148947
1491
148948
1492
148949
1493
148950
1494
148951
1495
148952
1496
148953
1497
148954
1498
148955
1499
148956
1500
148957
1501
148958
1502
148959
1503
148960
1504
148961
1505
148962
1506
148963
1507
148964
1508
148965
1509
148966
1510
148967
1511
148968
1512
1513
1514
1515
1516
1517
1518
1519
1520
1521
1522
1523
1524
1525
1526
1527
1528
1529
1530
1531
1532
1533
1534
1535
1536
1537
1538
1539
1540
1541
1542
1543
1544
1545
1546
1547
1548
1549
1550
1551
1552
1553
1554
1555
1556
1557
1558
1559
1560
1561
1562
1563
1564
1565
1566
1567
1568
1569
1570
1571
1572
1573
1574
1575
1576
1577
1578
1579
1580
1581
1582
1583
1584
1585
1586
1587
1588
1589
1590
1591
1592
1593
1594
1595
1596
1597
1598
1599
1600
1601
1602
1603
1604
1605
1606
1607
1608
1609
1610
1611
1612
1613
1614
1615
1616
1617
1618
1619
1620
1621
1622
1623
1624
1625
1626
1627
1628
1629
1630
1631
1632
1633
1634
1635
1636
1637
1638
1639
1640
1641
1642
1643
1644
1645
1646
1647
1648
1649
1650
1651
1652
1653
1654
1655
1656
1657
1658
1659
1660
132732
1661
132733
1662
1663
1664
1665
1666
1667
1668
1669
1670
1671
1672
1673
1674
1675
1676
1677
1678
1679
1680
1681
1682
1683
1684
1685
1686
1687
1688
1689
1690
1691
149148
1692
149149
1693
149150
1694
149151
1695
149152
1696
149153
1697
149154
1698
149155
1699
149156
1700
149157
1701
149158
1702
149159
1703
149160
1704
149161
1705
149162
1706
149163
1707
149164
1708
149165
1709
149166
1710
149167
1711
149168
1712
149169
1713
149170
1714
149171
1715
149172
1716
149173
1717
149174
1718
149175
1719
149176
1720
149177
1721
149178
1722
149179
1723
149180
1724
149181
1725
149182
1726
149183
1727
149184
1728
1729
1730
1731
1732
1733
1734
1735
1736
1737
1738
1739
1740
1741
1742
1743
1744
1745
1746
1747
1748
1749
1750
1751
1752
1753
1754
1755
1756
1757
1758
1759
1760
1761
1762
1763
1764
1765
1766
1767
1768
1769
1770
1771
1772
1773
1774
1775
1776
1777
1778
1779
1780
1781
1782
1783
1784
1785
1786
1787
1788
1789
1790
1791
1792
1793
1794
1795
1796
1797
1798
1799
1800
1801
1802
1803
1804
1805
1806
1807
1808
1809
1810
1811
1812
1813
1814
1815
1816
1817
1818
1819
1820
1821
1822
1823
1824
1825
1826
1827
1828
1829
1830
1831
1832
1833
1834
1835
1836
1837
1838
1839
1840
1841
1842
1843
1844
1845
1846
1847
1848
1849
1850
1851
1852
1853
1854
1855
1856
1857
1858
1859
1860
1861
1862
1863
1864
1865
1866
1867
1868
1869
1870
1871
1872
1873
1874
1875
1876
132948
1877
132949
1878
132950
1879
1880
1881
1882
1883
1884
1885
1886
1887
1888
1889
1890
1891
1892
1893
1894
1895
1896
1897
1898
1899
1900
1901
1902
1903
1904
1905
1906
1907
149364
1908
149365
1909
149366
1910
149367
1911
149368
1912
149369
1913
149370
1914
149371
1915
149372
1916
149373
1917
149374
1918
149375
1919
149376
1920
149377
1921
149378
1922
149379
1923
149380
1924
149381
1925
149382
1926
149383
1927
149384
1928
149385
1929
149386
1930
149387
1931
149388
1932
149389
1933
149390
1934
149391
1935
149392
1936
149393
1937
149394
1938
149395
1939
149396
1940
149397
1941
149398
1942
149399
1943
149400
1944
1945
1946
1947
1948
1949
1950
1951
1952
1953
1954
1955
1956
1957
1958
1959
1960
1961
1962
1963
1964
1965
1966
1967
1968
1969
1970
1971
1972
1973
1974
1975
1976
1977
1978
1979
1980
1981
1982
1983
1984
1985
1986
1987
1988
1989
1990
1991
1992
1993
1994
1995
1996
1997
1998
1999
2000
2001
2002
2003
2004
2005
2006
2007
2008
2009
2010
2011
2012
2013
2014
2015
2016
2017
2018
2019
2020
2021
2022
2023
2024
2025
2026
2027
2028
2029
2030
2031
2032
2033
2034
2035
2036
2037
2038
2039
2040
2041
2042
2043
2044
2045
2046
2047
2048
2049
2050
2051
2052
2053
2054
2055
2056
2057
2058
2059
2060
2061
2062
2063
2064
2065
2066
2067
2068
2069
2070
2071
2072
2073
2074
2075
2076
2077
2078
2079
2080
2081
2082
2083
2084
2085
2086
2087
2088
2089
2090
2091
2092
133164
2093
133165
2094
133166
2095
133167
2096
2097
2098
2099
2100
2101
2102
2103
2104
2105
2106
2107
2108
2109
2110
2111
2112
2113
2114
2115
2116
2117
2118
2119
2120
2121
2122
2123
149580
2124
149581
2125
149582
2126
149583
2127
149584
2128
149585
2129
149586
2130
149587
2131
149588
2132
149589
2133
149590
2134
149591
2135
149592
2136
149593
2137
149594
2138
149595
2139
149596
2140
149597
2141
149598
2142
149599
2143
149600
2144
149601
2145
149602
2146
149603
2147
149604
2148
149605
2149
149606
2150
149607
2151
149608
2152
149609
2153
149610
2154
149611
2155
149612
2156
149613
2157
149614
2158
149615
2159
149616
2160
149617
2161
2162
2163
2164
2165
2166
2167
2168
2169
2170
2171
2172
2173
2174
2175
2176
2177
2178
2179
2180
2181
2182
2183
2184
2185
2186
2187
2188
2189
2190
2191
2192
2193
2194
2195
2196
2197
2198
2199
2200
2201
2202
2203
2204
2205
2206
2207
2208
2209
2210
2211
2212
2213
2214
2215
2216
2217
2218
2219
2220
2221
2222
2223
2224
2225
2226
2227
2228
2229
2230
2231
2232
2233
2234
2235
2236
2237
2238
2239
2240
2241
2242
2243
2244
2245
2246
2247
2248
2249
2250
2251
2252
2253
2254
2255
2256
2257
2258
2259
2260
2261
2262
2263
2264
2265
2266
2267
2268
2269
2270
2271
2272
2273
2274
2275
2276
2277
2278
2279
2280
2281
2282
2283
2284
2285
2286
2287
2288
2289
2290
2291
2292
2293
2294
2295
2296
2297
2298
2299
2300
2301
2302
2303
2304
2305
2306
2307
2308
133380
2309
133381
2310
133382
2311
133383
2312
133384
2313
2314
2315
2316
2317
2318
2319
2320
2321
2322
2323
2324
2325
2326
2327
2328
2329
2330
2331
2332
2333
2334
2335
2336
2337
2338
2339
149796
2340
149797
2341
149798
2342
149799
2343
149800
2344
149801
2345
149802
2346
149803
2347
149804
2348
149805
2349
149806
2350
149807
2351
149808
2352
149809
2353
149810
2354
149811
2355
149812
2356
149813
2357
149814
2358
149815
2359
149816
2360
149817
2361
149818
2362
149819
2363
149820
2364
149821
2365
149822
2366
149823
2367
149824
2368
149825
2369
149826
2370
149827
2371
149828
2372
149829
2373
149830
2374
149831
2375
149832
2376
149833
2377
2378
2379
2380
2381
2382
2383
2384
2385
2386
2387
2388
2389
2390
2391
2392
2393
2394
2395
2396
2397
2398
2399
2400
2401
2402
2403
2404
2405
2406
2407
2408
2409
2410
2411
2412
2413
2414
2415
2416
2417
2418
2419
2420
2421
2422
2423
2424
2425
2426
2427
2428
2429
2430
2431
2432
2433
2434
2435
2436
2437
2438
2439
2440
2441
2442
2443
2444
2445
2446
2447
2448
2449
2450
2451
2452
2453
2454
2455
2456
2457
2458
2459
2460
2461
2462
2463
2464
2465
2466
2467
2468
2469
2470
2471
2472
2473
2474
2475
2476
2477
2478
2479
2480
2481
2482
2483
2484
2485
2486
2487
2488
2489
2490
2491
2492
2493
2494
2495
2496
2497
2498
2499
2500
2501
2502
2503
2504
2505
2506
2507
2508
2509
2510
2511
2512
2513
2514
2515
2516
2517
2518
2519
2520
2521
2522
2523
2524
133596
2525
133597
2526
133598
2527
133599
2528
133600
2529
2530
2531
2532
2533
2534
2535
2536
2537
2538
2539
2540
2541
2542
2543
2544
2545
2546
2547
2548
2549
2550
2551
2552
2553
2554
2555
150012
2556
150013
2557
150014
2558
150015
2559
150016
2560
150017
2561
150018
2562
150019
2563
150020
2564
150021
2565
150022
2566
150023
2567
150024
2568
150025
2569
150026
2570
150027
2571
150028
2572
150029
2573
150030
2574
150031
2575
150032
2576
150033
2577
150034
2578
150035
2579
150036
2580
150037
2581
150038
2582
150039
2583
150040
2584
150041
2585
150042
2586
150043
2587
150044
2588
150045
2589
150046
2590
150047
2591
150048
2592
150049
2593
2594
2595
2596
2597
2598
2599
2600
2601
2602
2603
2604
2605
2606
2607
2608
2609
2610
2611
2612
2613
2614
2615
2616
2617
2618
2619
2620
2621
2622
2623
2624
2625
2626
2627
2628
2629
2630
2631
2632
2633
2634
2635
2636
2637
2638
2639
2640
2641
2642
2643
2644
2645
2646
2647
2648
2649
2650
2651
2652
2653
2654
2655
2656
2657
2658
2659
2660
2661
2662
2663
2664
2665
2666
2667
2668
2669
2670
2671
2672
2673
2674
2675
2676
2677
2678
2679
2680
2681
2682
2683
2684
2685
2686
2687
2688
2689
2690
2691
2692
2693
2694
2695
2696
2697
2698
2699
2700
2701
2702
2703
2704
2705
2706
2707
2708
2709
2710
2711
2712
2713
2714
2715
2716
2717
2718
2719
2720
2721
2722
2723
2724
2725
2726
2727
2728
2729
2730
2731
2732
2733
2734
2735
2736
2737
2738
2739
2740
133812
2741
133813
2742
133814
2743
133815
2744
133816
2745
133817
2746
2747
2748
2749
2750
2751
2752
2753
2754
2755
2756
2757
2758
2759
2760
2761
2762
2763
2764
2765
2766
2767
2768
2769
2770
2771
150228
2772
150229
2773
150230
2774
150231
2775
150232
2776
150233
2777
150234
2778
150235
2779
150236
2780
150237
2781
150238
2782
150239
2783
150240
2784
150241
2785
150242
2786
150243
2787
150244
2788
150245
2789
150246
2790
150247
2791
150248
2792
150249
2793
150250
2794
150251
2795
150252
2796
150253
2797
150254
2798
150255
2799
150256
2800
150257
2801
150258
2802
150259
2803
150260
2804
150261
2805
150262
2806
150263
2807
150264
2808
150265
2809
150266
2810
2811
2812
2813
2814
2815
2816
2817
2818
2819
2820
2821
2822
2823
2824
2825
2826
2827
2828
2829
2830
2831
2832
2833
2834
2835
2836
2837
2838
2839
2840
2841
2842
2843
2844
2845
2846
2847
2848
2849
2850
2851
2852
2853
2854
2855
2856
2857
2858
2859
2860
2861
2862
2863
2864
2865
2866
2867
2868
2869
2870
2871
2872
2873
2874
2875
2876
2877
2878
2879
2880
2881
2882
2883
2884
2885
2886
2887
2888
2889
2890
2891
2892
2893
2894
2895
2896
2897
2898
2899
2900
2901
2902
2903
2904
2905
2906
2907
2908
2909
2910
2911
2912
2913
2914
2915
2916
2917
2918
2919
2920
2921
2922
2923
2924
2925
2926
2927
2928
2929
2930
2931
2932
2933
2934
2935
2936
2937
2938
2939
2940
2941
2942
2943
2944
2945
2946
2947
2948
2949
2950
2951
2952
2953
2954
2955
2956
134028
2957
134029
2958
134030
2959
134031
2960
134032
2961
134033
2962
134034
2963
2964
2965
2966
2967
2968
2969
2970
2971
2972
2973
2974
2975
2976
2977
2978
2979
2980
2981
2982
2983
2984
2985
2986
2987
150444
2988
150445
2989
150446
2990
150447
2991
150448
2992
150449
2993
150450
2994
150451
2995
150452
2996
150453
2997
150454
2998
150455
2999
150456
3000
150457
3001
150458
3002
150459
3003
150460
3004
150461
3005
150462
3006
150463
3007
150464
3008
150465
3009
150466
3010
150467
3011
150468
3012
150469
3013
150470
3014
150471
3015
150472
3016
150473
3017
150474
3018
150475
3019
150476
3020
150477
3021
150478
3022
150479
3023
150480
3024
150481
3025
150482
3026
3027
3028
3029
3030
3031
3032
3033
3034
3035
3036
3037
3038
3039
3040
3041
3042
3043
3044
3045
3046
3047
3048
3049
3050
3051
3052
3053
3054
3055
3056
3057
3058
3059
3060
3061
3062
3063
3064
3065
3066
3067
3068
3069
3070
3071
3072
3073
3074
3075
3076
3077
3078
3079
3080
3081
3082
3083
3084
3085
3086
3087
3088
3089
3090
3091
3092
3093
3094
3095
3096
3097
3098
3099
3100
3101
3102
3103
3104
3105
3106
3107
3108
3109
3110
3111
3112
3113
3114
3115
3116
3117
3118
3119
3120
3121
3122
3123
3124
3125
3126
3127
3128
3129
3130
3131
3132
3133
3134
3135
3136
3137
3138
3139
3140
3141
3142
3143
3144
3145
3146
3147
3148
3149
3150
3151
3152
3153
3154
3155
3156
3157
3158
3159
3160
3161
3162
3163
3164
3165
3166
3167
3168
3169
3170
3171
3172
134244
3173
134245
3174
134246
3175
134247
3176
134248
3177
134249
3178
134250
3179
3180
3181
3182
3183
3184
3185
3186
3187
3188
3189
3190
3191
3192
3193
3194
3195
3196
3197
3198
3199
3200
3201
3202
3203
150660
3204
150661
3205
150662
3206
150663
3207
150664
3208
150665
3209
150666
3210
150667
3211
150668
3212
150669
3213
150670
3214
150671
3215
150672
3216
150673
3217
150674
3218
150675
3219
150676
3220
150677
3221
150678
3222
150679
3223
150680
3224
150681
3225
150682
3226
150683
3227
150684
3228
150685
3229
150686
3230
150687
3231
150688
3232
150689
3233
150690
3234
150691
3235
150692
3236
150693
3237
150694
3238
150695
3239
150696
3240
150697
3241
150698
3242
150699
3243
3244
3245
3246
3247
3248
3249
3250
3251
3252
3253
3254
3255
3256
3257
3258
3259
3260
3261
3262
3263
3264
3265
3266
3267
3268
3269
3270
3271
3272
3273
3274
3275
3276
3277
3278
3279
3280
3281
3282
3283
3284
3285
3286
3287
3288
3289
3290
3291
3292
3293
3294
3295
3296
3297
3298
3299
3300
3301
3302
3303
3304
3305
3306
3307
3308
3309
3310
3311
3312
3313
3314
3315
3316
3317
3318
3319
3320
3321
3322
3323
3324
3325
3326
3327
3328
3329
3330
3331
3332
3333
3334
3335
3336
3337
3338
3339
3340
3341
3342
3343
3344
3345
3346
3347
3348
3349
3350
3351
3352
3353
3354
3355
3356
3357
3358
3359
3360
3361
3362
3363
3364
3365
3366
3367
3368
3369
3370
3371
3372
3373
3374
3375
3376
3377
3378
3379
3380
3381
3382
3383
3384
3385
3386
3387
3388
134460
3389
134461
3390
134462
3391
134463
3392
134464
3393
134465
3394
134466
3395
134467
3396
3397
3398
3399
3400
3401
3402
3403
3404
3405
3406
3407
3408
3409
3410
3411
3412
3413
3414
3415
3416
3417
3418
3419
150876
3420
150877
3421
150878
3422
150879
3423
150880
3424
150881
3425
150882
3426
150883
3427
150884
3428
150885
3429
150886
3430
150887
3431
150888
3432
150889
3433
150890
3434
150891
3435
150892
3436
150893
3437
150894
3438
150895
3439
150896
3440
150897
3441
150898
3442
150899
3443
150900
3444
150901
3445
150902
3446
150903
3447
150904
3448
150905
3449
150906
3450
150907
3451
150908
3452
150909
3453
150910
3454
150911
3455
150912
3456
150913
3457
150914
3458
150915
3459
3460
3461
3462
3463
3464
3465
3466
3467
3468
3469
3470
3471
3472
3473
3474
3475
3476
3477
3478
3479
3480
3481
3482
3483
3484
3485
3486
3487
3488
3489
3490
3491
3492
3493
3494
3495
3496
3497
3498
3499
3500
3501
3502
3503
3504
3505
3506
3507
3508
3509
3510
3511
3512
3513
3514
3515
3516
3517
3518
3519
3520
3521
3522
3523
3524
3525
3526
3527
3528
3529
3530
3531
3532
3533
3534
3535
3536
3537
3538
3539
3540
3541
3542
3543
3544
3545
3546
3547
3548
3549
3550
3551
3552
3553
3554
3555
3556
3557
3558
3559
3560
3561
3562
3563
3564
3565
3566
3567
3568
3569
3570
3571
3572
3573
3574
3575
3576
3577
3578
3579
3580
3581
3582
3583
3584
3585
3586
3587
3588
3589
3590
3591
3592
3593
3594
3595
3596
3597
3598
3599
3600
3601
3602
3603
3604
134676
3605
134677
3606
134678
3607
134679
3608
134680
3609
134681
3610
134682
3611
134683
3612
134684
3613
3614
3615
3616
3617
3618
3619
3620
3621
3622
3623
3624
3625
3626
3627
3628
3629
3630
3631
3632
3633
3634
3635
151092
3636
151093
3637
151094
3638
151095
3639
151096
3640
151097
3641
151098
3642
151099
3643
151100
3644
151101
3645
151102
3646
151103
3647
151104
3648
151105
3649
151106
3650
151107
3651
151108
3652
151109
3653
151110
3654
151111
3655
151112
3656
151113
3657
151114
3658
151115
3659
151116
3660
151117
3661
151118
3662
151119
3663
151120
3664
151121
3665
151122
3666
151123
3667
151124
3668
151125
3669
151126
3670
151127
3671
151128
3672
151129
3673
151130
3674
151131
3675
3676
3677
3678
3679
3680
3681
3682
3683
3684
3685
3686
3687
3688
3689
3690
3691
3692
3693
3694
3695
3696
3697
3698
3699
3700
3701
3702
3703
3704
3705
3706
3707
3708
3709
3710
3711
3712
3713
3714
3715
3716
3717
3718
3719
3720
3721
3722
3723
3724
3725
3726
3727
3728
3729
3730
3731
3732
3733
3734
3735
3736
3737
3738
3739
3740
3741
3742
3743
3744
3745
3746
3747
3748
3749
3750
3751
3752
3753
3754
3755
3756
3757
3758
3759
3760
3761
3762
3763
3764
3765
3766
3767
3768
3769
3770
3771
3772
3773
3774
3775
3776
3777
3778
3779
3780
3781
3782
3783
3784
3785
3786
3787
3788
3789
3790
3791
3792
3793
3794
3795
3796
3797
3798
3799
3800
3801
3802
3803
3804
3805
3806
3807
3808
3809
3810
3811
3812
3813
3814
3815
3816
3817
3818
3819
3820
134892
3821
134893
3822
134894
3823
134895
3824
134896
3825
134897
3826
134898
3827
134899
3828
134900
3829
3830
3831
3832
3833
3834
3835
3836
3837
3838
3839
3840
3841
3842
3843
3844
3845
3846
3847
3848
3849
3850
3851
151308
3852
151309
3853
151310
3854
151311
3855
151312
3856
151313
3857
151314
3858
151315
3859
151316
3860
151317
3861
151318
3862
151319
3863
151320
3864
151321
3865
151322
3866
151323
3867
151324
3868
151325
3869
151326
3870
151327
3871
151328
3872
151329
3873
151330
3874
151331
3875
151332
3876
151333
3877
151334
3878
151335
3879
151336
3880
151337
3881
151338
3882
151339
3883
151340
3884
151341
3885
151342
3886
151343
3887
151344
3888
151345
3889
151346
3890
151347
3891
151348
3892
3893
3894
3895
3896
3897
3898
3899
3900
3901
3902
3903
3904
3905
3906
3907
3908
3909
3910
3911
3912
3913
3914
3915
3916
3917
3918
3919
3920
3921
3922
3923
3924
3925
3926
3927
3928
3929
3930
3931
3932
3933
3934
3935
3936
3937
3938
3939
3940
3941
3942
3943
3944
3945
3946
3947
3948
3949
3950
3951
3952
3953
3954
3955
3956
3957
3958
3959
3960
3961
3962
3963
3964
3965
3966
3967
3968
3969
3970
3971
3972
3973
3974
3975
3976
3977
3978
3979
3980
3981
3982
3983
3984
3985
3986
3987
3988
3989
3990
3991
3992
3993
3994
3995
3996
3997
3998
3999
4000
4001
4002
4003
4004
4005
4006
4007
4008
4009
4010
4011
4012
4013
4014
4015
4016
4017
4018
4019
4020
4021
4022
4023
4024
4025
4026
4027
4028
4029
4030
4031
4032
4033
4034
4035
4036
135108
4037
135109
4038
135110
4039
135111
4040
135112
4041
135113
4042
135114
4043
135115
4044
135116
4045
135117
4046
4047
4048
4049
4050
4051
4052
4053
4054
4055
4056
4057
4058
4059
4060
4061
4062
4063
4064
4065
4066
4067
151524
4068
151525
4069
151526
4070
151527
4071
151528
4072
151529
4073
151530
4074
151531
4075
151532
4076
151533
4077
151534
151535
151536
151537
151538
151539
151540
151541
151542
151543
151544
151545
4089
151546
4090
151547
4091
151548
4092
151549
4093
151550
4094
151551
4095
151552
4096
151553
4097
151554
4098
151555
4099
151556
4100
151557
4101
151558
4102
151559
4103
151560
4104
151561
4105
151562
4106
151563
4107
151564
4108
4109
4110
4111
4112
4113
4114
4115
4116
4117
4118
4119
4120
4121
4122
4123
4124
4125
4126
4127
4128
4129
4130
4131
4132
4133
4134
4135
4136
4137
4138
4139
4140
4141
4142
4143
4144
4145
4146
4147
4148
4149
4150
4151
4152
4153
4154
4155
4156
4157
4158
4159
4160
4161
4162
4163
4164
4183
4184
4185
4186
4187
4188
4189
4190
4191
4192
4193
4194
4195
4196
4197
4198
4199
4200
4201
4202
4203
4204
4205
4206
4207
4208
4209
4210
4211
4212
4213
4214
4215
4216
4217
4218
4219
4220
4221
4222
4223
4224
4225
4226
4227
4228
4229
4230
4231
4232
4233
4234
4235
4236
4237
4238
4239
4240
4241
4242
4243
4244
4245
4246
4247
4248
4249
4250
4251
4252
135324
4253
135325
135326
135327
135328
135329
135330
135331
135332
135333
4277
4278
4279
4280
4281
4282
4283
151740
4284
151741
4285
151742
4286
151743
4287
151744
4288
151745
4289
151746
4290
151747
4291
151748
4292
151749
4293
151750
4294
151751
4295
151752
4296
151753
4297
151754
4298
151755
4299
151756
4300
151757
4301
151758
4302
151759
4303
151760
4304
151761
4305
151762
4306
151763
4307
151764
4308
151765
4309
151766
4310
151767
4311
151768
4312
151769
4313
151770
4314
151771
4315
151772
4316
151773
4317
151774
4318
151775
4319
151776
4320
151777
4321
151778
4322
151779
4323
151780
4324
4325
4326
4327
4328
4329
4330
4331
4332
4333
4334
4335
4336
4337
4338
4339
4340
4341
4342
4343
4344
4371
4372
4373
4374
4375
4376
4377
4378
4379
4380
4381
4382
4383
4384
4385
4386
4387
4388
4389
4390
4391
4392
4393
4394
4395
4396
4397
4398
4399
4400
4401
4402
4403
4404
4405
4406
4407
4408
4409
4410
4411
4412
4413
4414
4415
4416
4417
4418
4419
4420
4421
4422
4423
4424
4425
4426
4427
4428
4429
4430
4431
4432
4433
4434
4435
4436
4465
4466
4467
4468
135540
4469
135541
4470
135542
4471
135543
4472
135544
4473
135545
4474
135546
4475
135547
4476
135548
4477
135549
4478
135550
4479
4480
4481
4482
4483
4484
4485
4486
4487
4488
4489
4490
4491
4492
4493
4494
4495
4496
4497
4498
4499
151956
4500
151957
4501
151958
4502
151959
4503
151960
4504
151961
4505
151962
4506
151963
4507
151964
4508
151965
4509
151966
4510
151967
4511
151968
4512
151969
4513
151970
4514
151971
4515
151972
4516
151973
4517
151974
4518
151975
4519
151976
4520
151977
4521
151978
4522
151979
4523
151980
4524
151981
4525
151982
4526
151983
4527
151984
4528
151985
4529
151986
151987
151988
151989
151990
151991
151992
151993
151994
151995
151996
151997
4560
4561
4562
4563
4564
4565
4566
4567
4568
4569
4570
4571
4572
4573
4574
4575
4576
4577
4578
4579
4580
4581
4582
4583
4584
4585
4586
4587
4588
4589
4590
4591
4592
4593
4594
4595
4596
4597
4598
4599
4600
4601
4602
4603
4604
4605
4606
4607
4608
4609
4610
4611
4612
4613
4614
4615
4616
4617
4618
4619
4620
4621
4622
4623
4624
4656
4657
4658
4659
4660
4661
4662
4663
4664
4665
4666
4667
4668
4669
4670
4671
4672
4673
4674
4675
4676
4677
4678
4679
4680
4681
4682
4683
4684
135756
4685
135757
4686
135758
4687
135759
4688
135760
4689
135761
4690
135762
4691
135763
4692
135764
4693
135765
4694
135766
4695
4696
4697
4698
4699
4700
4701
4702
4703
4704
4705
4706
4707
4708
4709
4710
4711
4712
4713
4714
4715
152172
4716
152173
4717
152174
4718
152175
4719
152176
152177
152178
152179
152180
152181
152182
152183
152184
152185
152186
152187
152188
152189
152190
152191
152192
152193
152194
152195
152196
152197
152198
152199
152200
152201
152202
152203
152204
152205
152206
152207
152208
152209
4753
152210
4754
152211
4755
152212
4756
152213
4757
4758
4759
4760
4761
4762
4763
4764
4765
4766
4767
4768
4769
4770
4771
4772
4773
4774
4775
4776
4777
4778
4779
4780
4781
4782
4783
4784
4785
4786
4787
4788
4789
4790
4791
4792
4793
4794
4795
4796
4797
4798
4799
4800
4801
4802
4803
4804
4805
4806
4807
4808
4809
4810
4811
4812
4813
4814
4815
4816
4851
4852
4853
4854
4855
4856
4857
4858
4859
4860
4861
4862
4863
4864
4865
4866
4867
4868
4869
4870
4871
4872
4873
4874
4875
4876
4877
4878
4879
4880
4881
4882
4883
4884
4885
4886
4887
4888
4889
4890
4891
4892
4893
4894
4895
4896
4897
4898
4899
4900
135972
4901
135973
4902
135974
4903
135975
4904
135976
4905
135977
4906
135978
4907
135979
4908
135980
4909
135981
4910
135982
4911
135983
4912
4913
152388
152389
152390
152391
152392
152393
152394
152395
152396
152397
152398
152399
152400
152401
152402
152403
152404
152405
152406
4950
152407
4951
152408
4952
152409
4953
152410
4954
152411
4955
152412
4956
152413
4957
152414
4958
152415
4959
152416
4960
152417
4961
152418
4962
152419
4963
152420
4964
152421
4965
152422
4966
152423
4967
152424
4968
152425
4969
152426
4970
152427
4971
152428
4972
152429
4973
4974
4975
4976
4977
4978
4979
4980
4981
4982
4983
4984
4985
4986
4987
4988
4989
4990
4991
4992
4993
4994
4995
4996
4997
4998
4999
5000
5001
5002
5003
5004
5005
5006
5007
5008
5009
5010
5011
5012
5050
5051
5052
5053
5054
5055
5056
5057
5058
5059
5060
5061
5062
5063
5064
5065
5066
5067
5068
5069
5070
5071
5072
5073
5074
5075
5076
5077
5078
5079
5080
5081
5082
5083
5084
5085
5086
5087
5088
5089
5090
5091
5092
5093
5094
5095
5096
5097
5098
5099
5100
5101
5102
5103
5104
5105
5106
5107
5108
5109
5110
5111
5112
136188
136189
136190
136191
136192
136193
136194
136195
136196
136197
136198
136199
136200
152604
152605
152606
152607
5151
152608
5152
152609
5153
152610
5154
152611
5155
152612
5156
152613
5157
152614
5158
152615
5159
152616
5160
152617
5161
152618
5162
152619
5163
152620
5164
152621
5165
152622
5166
152623
5167
152624
5168
152625
5169
152626
5170
152627
5171
152628
5172
152629
5173
152630
5174
152631
5175
152632
5176
152633
5177
152634
5178
152635
5179
152636
5180
152637
5181
152638
5182
152639
5183
152640
5184
152641
5185
152642
5186
152643
5187
152644
5188
152645
5189
152646
5190
5191
5192
5193
5194
5195
5196
5197
5198
5199
5200
5201
5202
5203
5204
5205
5206
5207
5208
5209
5210
5211
5212
5253
5254
5255
5256
5257
5258
5259
5260
5261
5262
5263
5264
5265
5266
5267
5268
5269
5270
5271
5272
5273
5274
5275
5276
5277
5278
5279
5280
5281
5282
5283
5284
5285
5286
5287
5288
5289
5290
5291
5292
5293
5294
5295
5296
5297
5298
5299
5300
5301
5302
5303
5304
5305
5306
5307
5308
5309
5310
5311
5312
5313
5314
136404
136405
136406
136407
136408
136409
136410
136411
136412
136413
136414
136415
136416
5356
5357
5358
5359
5360
5361
5362
5363
152820
5364
152821
5365
152822
5366
152823
5367
152824
5368
152825
5369
152826
5370
152827
5371
152828
5372
152829
5373
152830
5374
152831
5375
152832
5376
152833
5377
152834
5378
152835
5379
152836
5380
152837
5381
152838
5382
152839
5383
152840
5384
152841
5385
152842
5386
152843
5387
152844
5388
152845
5389
152846
5390
152847
5391
152848
5392
152849
5393
152850
5394
152851
5395
152852
5396
152853
5397
152854
5398
152855
5399
152856
5400
152857
5401
152858
5402
152859
5403
152860
5404
152861
5405
152862
5406
5407
5408
5409
5410
5411
5412
5413
5414
5415
5416
5417
5460
5461
5462
5463
5464
5465
5466
5467
5468
5469
5470
5471
5472
5473
5474
5475
5476
5477
5478
5479
5480
5481
5482
5483
5484
5485
5486
5487
5488
5489
5490
5491
5492
5493
5494
5495
5496
5497
5498
5499
5500
5501
5502
5503
5504
5505
5506
5507
5508
5509
5510
5511
5512
5513
5514
5515
5516
5517
5518
5519
5520
5521
136620
136621
136622
136623
136624
136625
136626
136627
136628
136629
136630
136631
136632
136633
5565
5566
5567
5568
5569
5570
5571
5572
5573
5574
5575
5576
5577
5578
5579
153036
5580
153037
5581
153038
5582
153039
5583
153040
5584
153041
5585
153042
5586
153043
5587
153044
5588
153045
5589
153046
5590
153047
5591
153048
5592
153049
5593
153050
5594
153051
5595
153052
5596
153053
5597
153054
5598
153055
5599
153056
5600
153057
5601
153058
5602
153059
5603
153060
5604
153061
5605
153062
5606
153063
5607
153064
5608
153065
5609
153066
5610
153067
5611
153068
5612
153069
5613
153070
5614
153071
5615
153072
5616
153073
5617
153074
5618
153075
5619
153076
5620
153077
5621
5622
5623
5624
5625
5626
5671
5672
5673
5674
5675
5676
5677
5678
5679
5680
5681
5682
5683
5684
5685
5686
5687
5688
5689
5690
5691
5692
5693
5694
5695
5696
5697
5698
5699
5700
5701
5702
5703
5704
5705
5706
5707
5708
5709
5710
5711
5712
5713
5714
5715
5716
5717
5718
5719
5720
5721
5722
5723
5724
5725
5726
5727
5728
5729
5730
5731
5732
136836
136837
136838
136839
136840
136841
136842
136843
136844
136845
136846
136847
136848
136849
5778
5779
5780
5781
5782
5783
5784
5785
5786
5787
5788
5789
5790
5791
5792
5793
5794
153251
5795
153252
5796
153253
5797
153254
5798
153255
5799
153256
5800
153257
5801
153258
5802
153259
5803
153260
5804
153261
5805
153262
5806
153263
5807
153264
5808
153265
5809
153266
5810
153267
5811
153268
5812
153269
5813
153270
5814
153271
5815
153272
5816
153273
5817
153274
5818
153275
5819
153276
5820
153277
5821
153278
5822
153279
5823
153280
5824
153281
5825
153282
5826
153283
5827
153284
5828
153285
5829
153286
5830
153287
5831
153288
5832
153289
5833
153290
5834
153291
5835
153292
5836
5837
5838
5839
5886
5887
5888
5889
5890
5891
5892
5893
5894
5895
5896
5897
5898
5899
5900
5901
5902
5903
5904
5905
5906
5907
5908
5909
5910
5911
5912
5913
5914
5915
5916
5917
5918
5919
5920
5921
5922
5923
5924
5925
5926
5927
5928
5929
5930
5931
5932
5933
5934
5935
5936
5937
5938
5939
5940
5941
5942
5943
5944
5945
5946
5947
137052
137053
137054
137055
137056
137057
137058
137059
137060
137061
137062
137063
137064
137065
137066
5995
5996
5997
5998
5999
6000
6001
6002
6003
6004
6005
6006
6007
6008
153465
6009
153466
6010
153467
6011
153468
6012
153469
6013
153470
6014
153471
6015
153472
6016
153473
6017
153474
6018
153475
6019
153476
6020
153477
6021
153478
6022
153479
6023
153480
6024
153481
6025
153482
6026
153483
6027
153484
6028
153485
6029
153486
6030
153487
6031
153488
6032
153489
6033
153490
6034
153491
6035
153492
6036
153493
6037
153494
6038
153495
6039
153496
6040
153497
6041
153498
6042
153499
6043
153500
6044
153501
6045
153502
6046
153503
6047
153504
6048
153505
6049
6050
6051
6052
6053
6054
6055
6056
6105
6106
6107
6108
6109
6110
6111
6112
6113
6114
6115
6116
6117
6118
6119
6120
6121
6122
6123
6124
6125
6126
6127
6128
6129
6130
6131
6132
6133
6134
6135
6136
6137
6138
6139
6140
6141
6142
6143
6144
6145
6146
6147
6148
6149
6150
6151
6152
6153
6154
6155
6156
6157
6158
6159
6160
6161
6162
6163
6164
6165
6166
137268
137269
137270
137271
137272
137273
137274
137275
137276
137277
137278
137279
137280
137281
137282
6217
6218
6219
6220
6221
153678
6222
153679
6223
153680
6224
153681
6225
153682
6226
153683
6227
153684
6228
153685
6229
153686
6230
153687
6231
153688
6232
153689
6233
153690
6234
153691
6235
153692
6236
153693
6237
153694
6238
153695
6239
153696
6240
153697
6241
153698
6242
153699
6243
153700
6244
153701
6245
153702
6246
153703
6247
153704
6248
153705
6249
153706
6250
153707
6251
153708
6252
153709
6253
153710
6254
153711
6255
153712
6256
153713
6257
153714
6258
153715
6259
153716
6260
153717
6261
153718
6262
6263
6264
6265
6266
6267
6268
6269
6270
6271
6272
6273
6274
6275
6276
6277
6330
6331
6332
6333
6334
6335
6336
6337
6338
6339
6340
6341
6342
6343
6344
6345
6346
6347
6348
6349
6350
6351
6352
6353
6354
6355
6356
6357
6358
6359
6360
6361
6362
6363
6364
6365
6366
6367
6368
6369
6370
6371
6372
6373
6374
6375
6376
6377
6378
6379
6380
6381
6382
6383
6384
6385
6386
6387
6388
6389
137484
137485
137486
137487
137488
137489
137490
137491
137492
137493
137494
137495
137496
137497
137498
153890
153891
153892
153893
153894
153895
153896
153897
153898
153899
153900
153901
6445
153902
6446
153903
6447
153904
6448
153905
6449
153906
6450
153907
6451
153908
6452
153909
6453
153910
6454
153911
6455
153912
6456
153913
6457
153914
6458
153915
6459
153916
6460
153917
6461
153918
6462
153919
6463
153920
6464
153921
6465
153922
6466
153923
6467
153924
6468
153925
6469
153926
6470
153927
6471
153928
6472
153929
6473
6474
6475
6476
6477
6478
6479
6480
6481
6482
6483
6484
6485
6486
6487
6488
6489
6490
6491
6492
6493
6494
6495
6496
6497
6498
6499
6500
6501
6502
6560
6561
6562
6563
6564
6565
6566
6567
6568
6569
6570
6571
6572
6573
6574
6575
6576
6577
6578
6579
6580
6581
6582
6583
6584
6585
6586
6587
6588
6589
6590
6591
6592
6593
6594
6595
6596
6597
6598
6599
6600
6601
6602
6603
6604
6605
6606
6607
6608
6609
6610
6611
6612
6613
6614
6615
6616
137700
137701
137702
137703
137704
137705
137706
137707
137708
137709
137710
137711
137712
137713
137714
137715
154101
154102
154103
154104
154105
154106
154107
154108
154109
154110
154111
154112
154113
154114
154115
154116
154117
154118
154119
154120
154121
154122
154123
154124
154125
154126
154127
154128
154129
154130
154131
154132
6676
154133
6677
154134
6678
154135
6679
154136
6680
154137
6681
154138
6682
154139
6683
6684
6685
6686
6687
6688
6689
6690
6691
6692
6693
6694
6695
6696
6697
6698
6699
6700
6701
6702
6703
6704
6705
6706
6707
6708
6709
6710
6711
6712
6713
6714
6715
6716
6717
6718
6719
6720
6721
6722
6723
6724
6725
6726
6727
6728
6729
6730
6731
6793
6794
6795
6796
6797
6798
6799
6800
6801
6802
6803
6804
6805
6806
6807
6808
6809
6810
6811
6812
6813
6814
6815
6816
6817
6818
6819
6820
6821
6822
6823
6824
6825
6826
6827
6828
6829
6830
6831
6832
6833
6834
6835
6836
6837
6838
6839
6840
6841
6842
6843
6844
137916
6845
137917
6846
137918
6847
137919
137920
137921
137922
137923
137924
137925
137926
154311
137927
154312
137928
154313
137929
154314
137930
154315
137931
154316
154317
154318
154319
154320
154321
154322
154323
154324
154325
154326
154327
154328
154329
154330
154331
154332
154333
154334
154335
154336
154337
154338
154339
154340
154341
154342
154343
154344
154345
154346
154347
154348
154349
6912
6913
6914
6915
6916
6917
6918
6919
6920
6921
6922
6923
6924
6925
6926
6927
6928
6929
6930
6931
6932
6933
6934
6935
6936
6937
6938
6939
6940
6941
6942
6943
6944
6945
6946
6947
6948
6949
6950
6951
6952
6953
6954
6955
6956
6957
6958
6959
6960
6961
6962
6963
6964
7031
7032
7033
7034
7035
7036
7037
7038
7039
7040
7041
7042
7043
7044
7045
7046
7047
7048
7049
7050
7051
7052
7053
7054
7055
7056
7057
7058
7059
7060
138132
7061
138133
7062
138134
7063
138135
154520
7064
138136
154521
7065
138137
154522
7066
138138
154523
7067
138139
154524
7068
138140
154525
7069
138141
154526
7070
138142
154527
7071
138143
154528
7072
138144
154529
7073
138145
154530
7074
138146
154531
7075
138147
154532
7076
138148
154533
7077
154534
7078
154535
7079
154536
7080
154537
7081
154538
154539
154540
154541
154542
154543
154544
154545
154546
154547
154548
154549
154550
154551
154552
154553
154554
154555
154556
154557
7152
7153
7154
7155
7156
7157
7158
7159
7160
7161
7162
7163
7164
7165
7166
7167
7168
7169
7170
7171
7172
7173
7174
7175
7176
7177
7178
7179
7180
7181
7182
7183
7184
7185
7186
7187
7188
7189
7190
7191
7192
7193
7194
7195
7196
7197
7198
7199
7200
154728
154729
7273
154730
7274
154731
7275
154732
7276
138348
154733
7277
138349
154734
7278
138350
154735
7279
138351
154736
7280
138352
154737
7281
138353
154738
7282
138354
154739
7283
138355
154740
7284
138356
154741
7285
138357
154742
7286
138358
154743
7287
138359
154744
7288
138360
154745
7289
138361
154746
7290
138362
154747
7291
138363
154748
7292
138364
154749
7293
154750
7294
154751
7295
154752
7296
154753
7297
154754
7298
154755
7299
154756
7300
154757
7301
154758
7302
154759
7303
154760
7304
154761
7305
154762
7306
154763
7307
154764
7308
7309
7310
7311
7312
7313
7314
7315
7316
7317
7318
7319
7320
7396
7397
7398
7399
7400
7401
7402
7403
7404
7405
7406
7407
7408
7409
7410
7411
7412
7413
7414
7415
7416
7417
7418
7419
7420
7421
7422
7423
7424
7425
7426
7427
7428
7429
7430
7431
7432
7433
7434
7435
7436
7437
7438
7439
7440
154935
154936
154937
154938
154939
154940
154941
154942
154943
154944
154945
154946
154947
154948
138564
154949
138565
154950
138566
154951
138567
154952
138568
154953
138569
154954
138570
154955
138571
154956
138572
154957
138573
154958
138574
154959
138575
154960
138576
154961
138577
154962
138578
154963
138579
154964
138580
154965
138581
154966
154967
154968
154969
154970
154971
7520
7521
7522
7523
7524
7525
7526
7527
7528
7529
7530
7531
7532
7533
7534
7535
7536
7537
7538
7539
7540
7541
7542
7543
7544
7545
7546
7547
7548
7549
7550
7551
7552
7553
7554
7555
7556
7557
7558
7559
7560
7561
7645
7646
7647
7648
7649
7650
7651
7652
7653
7654
7655
7656
7657
7658
7659
7660
7661
7662
7663
7664
7665
7666
7667
7668
7669
7670
7671
7672
7673
7674
7675
7676
7677
7678
7679
7680
7681
7682
7683
7684
155141
155142
155143
155144
155145
155146
155147
155148
155149
155150
155151
155152
155153
155154
155155
155156
155157
155158
155159
155160
155161
155162
155163
155164
138780
155165
138781
155166
138782
155167
138783
155168
138784
155169
138785
155170
138786
155171
138787
155172
138788
155173
138789
155174
138790
155175
138791
155176
138792
138793
138794
138795
138796
138797
7772
7773
7774
7775
7776
7777
7778
7779
7780
7781
7782
7783
7784
7785
7786
7787
7788
7789
7790
7791
7792
7793
7794
7795
7796
7797
7798
7799
7800
7801
7802
7803
7804
7805
7806
7807
155346
155347
155348
155349
155350
155351
155352
155353
155354
155355
155356
7900
155357
7901
155358
7902
155359
7903
155360
7904
155361
7905
155362
7906
155363
7907
155364
7908
155365
7909
155366
7910
155367
7911
155368
7912
155369
7913
155370
7914
155371
7915
155372
7916
155373
7917
155374
7918
155375
7919
155376
7920
155377
7921
155378
7922
155379
7923
155380
7924
138996
7925
138997
7926
138998
7927
138999
7928
139000
7929
139001
7930
139002
139003
139004
139005
139006
139007
139008
139009
139010
139011
139012
139013
139014
8029
8030
8031
8032
8033
8034
8035
8036
8037
8038
8039
8040
8041
8042
8043
8044
8045
8046
8047
8048
8049
8050
8051
8052
8053
8054
155550
155551
155552
155553
155554
155555
155556
155557
155558
155559
155560
155561
155562
155563
155564
155565
155566
155567
155568
155569
155570
155571
155572
155573
155574
155575
155576
155577
155578
155579
155580
155581
155582
155583
155584
139212
139213
139214
139215
139216
139217
139218
139219
139220
139221
139222
139223
139224
139225
139226
139227
139228
139229
139230
8161
8162
8163
8164
8165
8166
8167
8168
8169
8170
8171
8172
8173
8174
8175
8176
8177
8178
8179
155753
155754
155755
155756
155757
155758
155759
155760
155761
155762
155763
155764
155765
155766
155767
155768
155769
155770
155771
155772
155773
155774
155775
155776
155777
155778
155779
155780
155781
155782
155783
155784
155785
155786
139428
139429
139430
139431
139432
139433
139434
139435
139436
139437
139438
139439
139440
139441
139442
139443
139444
139445
139446
139447
155955
155956
155957
155958
155959
155960
155961
155962
155963
155964
155965
155966
155967
155968
155969
155970
155971
155972
155973
155974
155975
155976
155977
155978
155979
155980
155981
155982
155983
155984
155985
155986
155987
139644
139645
139646
139647
139648
139649
139650
139651
139652
139653
139654
139655
139656
139657
139658
139659
139660
139661
139662
139663
156156
156157
156158
156159
156160
156161
156162
156163
156164
156165
156166
156167
156168
156169
156170
156171
156172
156173
156174
156175
156176
156177
156178
156179
156180
156181
156182
156183
156184
156185
156186
156187
156188
139860
139861
139862
139863
139864
139865
139866
139867
139868
139869
139870
139871
139872
139873
139874
139875
139876
139877
139878
139879
156356
156357
156358
156359
156360
156361
156362
156363
156364
156365
156366
156367
156368
156369
156370
156371
156372
156373
156374
156375
156376
156377
156378
156379
156380
156381
156382
156383
156384
156385
156386
156387
140076
140077
140078
140079
140080
140081
140082
140083
140084
140085
140086
140087
140088
140089
140090
140091
140092
140093
140094
140095
140096
156555
156556
156557
156558
156559
156560
156561
156562
156563
156564
156565
156566
156567
156568
156569
156570
156571
156572
156573
156574
156575
156576
156577
156578
156579
156580
156581
156582
156583
156584
156585
140292
140293
140294
140295
140296
140297
140298
140299
140300
140301
140302
140303
140304
140305
140306
140307
140308
140309
140310
140311
140312
156753
156754
156755
156756
156757
156758
156759
156760
156761
156762
156763
156764
156765
156766
156767
156768
156769
156770
156771
156772
156773
156774
156775
156776
156777
156778
156779
156780
156781
156782
156783
140508
140509
140510
140511
140512
140513
140514
140515
140516
140517
140518
140519
140520
140521
140522
140523
140524
140525
140526
140527
140528
140529
156950
156951
156952
156953
156954
156955
156956
156957
156958
156959
156960
156961
156962
156963
156964
156965
156966
156967
156968
156969
156970
156971
156972
156973
156974
156975
156976
156977
156978
156979
140724
140725
140726
140727
140728
140729
140730
140731
140732
140733
140734
140735
140736
140737
140738
140739
140740
140741
140742
140743
140744
140745
157146
157147
157148
157149
157150
157151
157152
157153
157154
157155
157156
157157
157158
157159
157160
157161
157162
157163
157164
157165
157166
157167
157168
157169
157170
157171
157172
157173
157174
140940
140941
140942
140943
140944
140945
140946
140947
140948
140949
140950
140951
140952
140953
140954
140955
140956
157341
140957
157342
140958
157343
140959
157344
140960
157345
140961
157346
157347
157348
157349
157350
157351
157352
157353
157354
157355
157356
157357
157358
157359
157360
157361
157362
157363
157364
157365
157366
157367
157368
157369
157535
157536
157537
157538
157539
157540
141156
157541
141157
157542
141158
157543
141159
157544
141160
157545
141161
157546
141162
157547
141163
157548
141164
157549
141165
157550
141166
157551
141167
157552
141168
157553
141169
157554
141170
157555
141171
157556
141172
157557
141173
157558
141174
157559
141175
157560
141176
157561
141177
157562
141178
157728
157729
157730
157731
157732
157733
157734
157735
157736
157737
157738
157739
157740
157741
157742
157743
157744
157745
157746
157747
157748
157749
157750
157751
157752
157753
157754
157755
141372
141373
141374
141375
141376
141377
141378
141379
141380
141381
141382
141383
141384
141385
141386
141387
141388
141389
141390
141391
141392
141393
141394
157920
157921
157922
157923
157924
157925
157926
157927
157928
157929
157930
157931
157932
157933
157934
157935
157936
157937
157938
157939
157940
157941
157942
157943
157944
157945
157946
141588
141589
141590
141591
141592
141593
141594
141595
141596
141597
141598
141599
141600
141601
141602
141603
141604
141605
141606
141607
141608
141609
141610
141611
158111
158112
158113
158114
158115
158116
158117
158118
158119
158120
158121
158122
158123
158124
158125
158126
158127
158128
158129
158130
158131
158132
158133
158134
158135
158136
141804
141805
141806
141807
141808
141809
141810
141811
141812
141813
141814
141815
141816
141817
141818
141819
141820
141821
141822
141823
141824
141825
141826
141827
158301
158302
158303
158304
158305
158306
158307
158308
158309
158310
158311
158312
158313
158314
158315
158316
158317
158318
158319
158320
158321
158322
158323
158324
158325
158326
142020
142021
142022
142023
142024
142025
142026
142027
142028
142029
142030
142031
142032
142033
142034
142035
142036
142037
142038
142039
142040
142041
142042
142043
142044
158490
158491
158492
158493
158494
158495
158496
158497
158498
158499
158500
158501
158502
158503
158504
158505
158506
158507
158508
158509
158510
158511
158512
158513
158514
142236
142237
142238
142239
142240
142241
142242
142243
142244
142245
142246
142247
142248
142249
142250
142251
142252
142253
142254
142255
142256
142257
142258
142259
142260
158678
158679
158680
158681
158682
158683
158684
158685
158686
158687
158688
158689
158690
158691
158692
158693
158694
158695
158696
158697
158698
158699
158700
158701
142452
142453
142454
142455
142456
142457
142458
142459
142460
142461
142462
142463
142464
142465
142466
142467
142468
142469
142470
142471
142472
142473
142474
142475
142476
158865
158866
158867
158868
158869
158870
158871
158872
158873
158874
158875
158876
158877
158878
158879
158880
158881
158882
158883
158884
158885
158886
158887
158888
159051
159052
142668
159053
142669
159054
142670
159055
142671
159056
142672
159057
142673
159058
142674
159059
142675
159060
142676
159061
142677
159062
142678
159063
142679
159064
142680
159065
142681
159066
142682
159067
142683
159068
142684
159069
142685
159070
142686
159071
142687
159072
142688
159073
142689
142690
142691
142692
142693
159236
159237
159238
159239
159240
159241
159242
159243
159244
159245
159246
159247
159248
159249
159250
159251
159252
159253
159254
159255
159256
159257
142884
142885
142886
142887
142888
142889
142890
142891
142892
142893
142894
142895
142896
142897
142898
142899
142900
142901
142902
142903
142904
142905
142906
142907
142908
142909
159420
159421
159422
159423
159424
159425
159426
159427
159428
159429
159430
159431
159432
159433
159434
159435
159436
159437
159438
159439
159440
159441
143100
143101
143102
143103
143104
143105
143106
143107
143108
143109
143110
143111
143112
143113
143114
143115
143116
143117
143118
143119
143120
143121
143122
143123
143124
143125
143126
159603
159604
159605
159606
159607
159608
159609
159610
159611
159612
159613
159614
159615
159616
159617
159618
159619
159620
159621
159622
159623
143316
143317
143318
143319
143320
143321
143322
143323
143324
143325
143326
143327
143328
143329
143330
143331
143332
143333
143334
143335
143336
143337
143338
143339
143340
143341
143342
159785
159786
159787
159788
159789
159790
159791
159792
159793
159794
159795
159796
159797
159798
159799
159800
159801
159802
159803
159804
143532
143533
143534
143535
143536
143537
143538
143539
143540
143541
143542
143543
143544
143545
143546
143547
143548
143549
143550
143551
143552
143553
143554
143555
143556
143557
143558
159966
159967
159968
159969
159970
159971
159972
159973
159974
159975
159976
159977
159978
159979
159980
159981
159982
159983
159984
159985
143748
143749
143750
143751
143752
143753
143754
143755
143756
143757
143758
143759
143760
143761
160146
143762
160147
143763
160148
143764
160149
143765
160150
143766
160151
143767
160152
143768
160153
143769
160154
143770
160155
143771
160156
143772
160157
143773
160158
143774
160159
143775
160160
160161
160162
160163
160164
160325
160326
160327
160328
160329
160330
160331
160332
160333
160334
160335
160336
160337
160338
160339
160340
160341
160342
143964
143965
143966
143967
143968
143969
143970
143971
143972
143973
143974
143975
143976
143977
143978
143979
143980
143981
143982
143983
143984
143985
143986
143987
143988
143989
143990
143991
160503
160504
160505
160506
160507
160508
160509
160510
160511
160512
160513
160514
160515
160516
160517
160518
160519
160520
144180
144181
144182
144183
144184
144185
144186
144187
144188
144189
144190
144191
144192
144193
144194
144195
144196
144197
144198
144199
144200
144201
144202
144203
144204
144205
144206
144207
160680
160681
160682
160683
160684
160685
160686
160687
160688
160689
160690
160691
160692
160693
160694
160695
160696
144396
144397
144398
144399
144400
144401
144402
144403
144404
144405
144406
144407
144408
144409
144410
144411
144412
144413
144414
144415
144416
144417
144418
144419
144420
144421
144422
144423
144424
160856
160857
160858
160859
160860
160861
160862
160863
160864
160865
160866
160867
160868
160869
160870
160871
144612
144613
144614
144615
144616
144617
144618
144619
144620
144621
144622
144623
144624
144625
144626
144627
144628
144629
144630
144631
144632
144633
144634
144635
144636
144637
144638
144639
144640
161031
161032
161033
161034
161035
161036
161037
161038
161039
161040
161041
161042
161043
161044
161045
161046
161205
161206
161207
161208
161209
161210
161211
161212
144828
161213
144829
161214
144830
161215
144831
161216
144832
161217
144833
161218
144834
161219
144835
144836
144837
144838
144839
144840
144841
144842
144843
144844
144845
144846
144847
144848
144849
144850
144851
144852
144853
144854
144855
144856
144857
161378
161379
161380
161381
161382
161383
161384
161385
161386
161387
161388
161389
161390
161391
145044
145045
145046
145047
145048
145049
145050
145051
145052
145053
145054
145055
145056
145057
145058
145059
145060
145061
145062
145063
145064
145065
145066
145067
145068
145069
145070
145071
145072
145073
161550
161551
161552
161553
161554
161555
161556
161557
161558
161559
161560
161561
161562
161563
145260
145261
145262
145263
145264
145265
145266
145267
145268
145269
145270
145271
145272
145273
145274
145275
145276
145277
145278
145279
145280
145281
145282
145283
145284
145285
145286
145287
145288
145289
161721
161722
161723
161724
161725
161726
161727
161728
161729
161730
161731
161732
161733
145476
145477
145478
145479
145480
145481
145482
145483
145484
145485
145486
145487
145488
145489
145490
145491
145492
145493
145494
145495
145496
145497
145498
145499
145500
145501
145502
145503
145504
145505
145506
161891
161892
161893
161894
161895
161896
161897
161898
161899
161900
161901
161902
161903
162060
162061
162062
162063
162064
162065
162066
162067
162068
162069
162070
162071
145692
145693
145694
145695
145696
145697
145698
145699
145700
145701
145702
145703
145704
145705
145706
145707
145708
145709
145710
145711
145712
145713
145714
145715
145716
145717
145718
145719
145720
145721
145722
162228
162229
162230
162231
162232
162233
162234
162235
162236
162237
162238
145908
145909
145910
145911
145912
145913
145914
145915
145916
145917
145918
145919
145920
145921
145922
145923
145924
145925
145926
145927
145928
145929
145930
145931
145932
145933
145934
145935
145936
145937
145938
162395
162396
162397
162398
162399
162400
162401
162402
162403
162404
162405
146124
146125
146126
146127
146128
146129
146130
146131
146132
146133
146134
146135
146136
146137
146138
146139
146140
146141
146142
146143
146144
146145
146146
146147
146148
146149
146150
146151
146152
146153
146154
146155
162561
162562
162563
162564
162565
162566
162567
162568
162569
162570
146340
146341
162726
146342
162727
146343
162728
146344
162729
146345
162730
146346
162731
146347
162732
146348
162733
146349
162734
146350
146351
146352
146353
146354
146355
146356
146357
146358
146359
146360
146361
146362
146363
146364
146365
146366
146367
146368
146369
146370
146371
162890
162891
162892
162893
162894
162895
162896
162897
162898
146556
146557
146558
146559
146560
146561
146562
146563
146564
146565
146566
146567
146568
146569
146570
146571
146572
146573
146574
146575
146576
146577
146578
146579
146580
146581
146582
146583
146584
146585
146586
146587
146588
163053
163054
163055
163056
163057
163058
163059
163060
146772
146773
146774
146775
146776
146777
146778
146779
146780
146781
146782
146783
146784
146785
146786
146787
146788
146789
146790
146791
146792
146793
146794
146795
146796
146797
146798
146799
146800
146801
146802
146803
146804
163215
163216
163217
163218
163219
163220
163221
146988
146989
146990
146991
163376
146992
163377
146993
163378
146994
163379
146995
163380
146996
163381
146997
163382
146998
146999
147000
147001
147002
147003
147004
147005
147006
147007
147008
147009
147010
147011
147012
147013
147014
147015
147016
147017
147018
147019
147020
163536
163537
163538
163539
163540
163541
147204
147205
147206
147207
147208
147209
147210
147211
147212
147213
147214
147215
147216
147217
147218
147219
147220
147221
147222
147223
147224
147225
147226
147227
147228
147229
147230
147231
147232
147233
147234
147235
147236
147237
163695
163696
163697
163698
163699
147420
147421
147422
147423
147424
147425
147426
147427
147428
147429
147430
147431
147432
147433
147434
147435
147436
147437
147438
147439
147440
147441
147442
147443
147444
147445
147446
147447
147448
147449
147450
147451
147452
147453
)


// ************************************************************************* //
