/*--------------------------------*- C++ -*----------------------------------*\
| =========                 |                                                 |
| \\      /  F ield         | OpenFOAM: The Open Source CFD Toolbox           |
|  \\    /   O peration     | Version:  v2106                                 |
|   \\  /    A nd           | Website:  www.openfoam.com                      |
|    \\/     M anipulation  |                                                 |
\*---------------------------------------------------------------------------*/
FoamFile
{
    version     2.0;
    format      ascii;
    arch        "LSB;label=32;scalar=64";
    class       faceSet;
    location    "constant/polyMesh/sets";
    object      nonOrthoFaces;
}
// * * * * * * * * * * * * * * * * * * * * * * * * * * * * * * * * * * * * * //


1636
(
41007
41009
41011
41019
41021
41023
41025
41027
41029
41039
41043
41045
41049
41051
41053
41061
41071
41073
41079
32947
32949
32957
32959
32963
32965
32969
32971
24809
24815
24819
24823
24837
114970
90403
65838
65840
65842
106803
82228
49460
82230
82232
82234
65850
65852
57661
65854
90431
74047
65856
90433
57665
49474
49476
57669
65862
74055
57671
65864
49480
57673
65866
57675
65872
49488
65874
49490
49492
57685
74071
57687
49496
49498
49500
57693
49506
57699
49508
57701
49510
57703
65898
65900
49520
49524
41413
41415
41419
41427
41429
41431
41433
41435
41437
41445
41447
41451
41457
41479
33307
33317
33321
25129
33323
33325
25133
33329
33333
25141
33335
33337
25145
25155
66267
99037
58078
66271
107232
58080
82659
82661
49893
82667
66283
74476
66285
74478
58094
66287
66289
49905
49907
90868
90870
74486
58102
74488
58106
66299
58108
66301
49921
66307
49923
58116
66309
74502
58118
49927
58120
49929
49933
58126
49935
58130
58132
49941
58134
58136
58146
49955
41821
41825
41827
41829
25445
25449
41837
25453
41839
25455
25457
41843
41845
41847
25463
25465
41855
25471
41857
25473
41859
25475
41867
33683
33685
33687
33689
33691
33693
33695
41889
33697
33699
33701
33703
83084
107661
58511
50320
58513
50322
58515
83094
83096
66712
66716
58525
66718
58527
66720
50336
25761
66722
50338
58531
50340
50342
74919
50344
25769
58539
25771
25775
25777
50354
25779
66740
74933
58549
50358
74935
50360
58553
25785
50362
50364
58557
50366
66752
50368
25793
58563
25795
58565
25797
58567
58569
50380
50384
50394
50396
42231
34041
42235
42237
42239
34047
34053
42247
34055
42249
34057
42251
34059
42253
34061
42257
34065
42259
34067
34069
42263
34071
34073
42267
42269
42271
42285
42287
42305
26083
26085
26093
26095
26099
26101
26107
26109
26119
75320
83513
58940
58944
58946
50755
58948
83527
67145
58958
67151
67153
50769
67155
50771
75348
58964
50773
75350
50775
58968
50777
58970
58972
67165
50781
67173
50791
50793
50795
34411
58988
50797
34413
58990
67185
50801
34417
34419
58996
58998
34423
59000
34425
59002
50811
34427
50813
34429
50815
34431
50817
34433
34437
34439
34441
34443
34449
42645
42649
42659
42661
42663
42665
42667
42671
42673
42675
42677
42681
42683
42701
42705
42711
26409
26419
26421
26425
26431
26433
26445
34783
34785
108519
34791
67560
75753
34793
100330
59371
59373
34797
34799
34801
51186
59379
34803
51188
34805
67574
75767
67576
67578
75771
34811
34813
59391
34815
83968
67584
59393
67586
51202
34819
67588
51204
75781
59397
51206
51208
59401
67594
51210
75787
59403
59405
67598
51214
59409
75797
67606
51222
51226
67612
51228
51230
59429
59431
59433
51242
51244
51246
51248
43063
43071
43075
43077
43079
43081
43087
43089
43091
43101
43111
43113
43117
26739
43125
26743
43131
26747
26749
26753
26755
26759
26763
26767
35157
35159
35167
35169
35173
35175
35177
35179
35183
35185
35189
35193
35195
35199
67991
76184
67995
84387
51619
68005
76198
68007
68009
76202
59824
68017
76210
59826
68019
51635
59828
68021
51637
27063
68025
27065
68027
51643
27067
59836
59838
68031
51647
59840
27073
59842
68037
51653
27077
51655
27079
51657
51659
27083
51661
27085
27087
68049
43473
68051
59862
43479
27095
59864
51673
43481
27097
59866
51675
51677
27101
51679
43487
43489
43493
43495
43497
43501
43503
43505
43511
43517
43519
43527
43529
35535
35545
35551
35553
35555
35559
35561
35563
35569
35571
35577
27395
27397
27399
27405
27409
27411
27415
27427
27429
27431
109377
60233
60235
68428
52044
60237
84816
84818
68436
52052
76629
68438
60247
68440
68442
68448
60257
84834
68450
60259
68452
52068
60261
52072
68458
68460
60269
60271
60273
60275
43891
43893
52086
60279
52088
52090
43899
52092
52094
52096
43905
43907
43909
60295
60297
43913
52106
60299
43915
52108
43917
52110
43919
43921
43923
43929
43931
43937
43945
43947
43949
35915
27723
35919
27729
35927
27735
35931
27739
35933
27743
35939
35941
35943
35947
35949
27761
35957
27773
109818
60666
52475
60668
52477
60670
85247
85249
77058
68869
52485
60678
68871
60680
68873
52491
77070
85267
60692
60694
52503
52505
44313
44315
68893
19741
60702
68895
60706
44325
52519
44327
52521
44329
52523
44335
44337
52531
44339
44341
60728
52539
52541
44349
44351
44357
44359
44361
28057
28067
28069
28071
28075
28081
36293
36295
36297
36299
36301
36307
36309
36313
36315
36319
36323
36329
36331
36339
20023
20025
85662
85670
85672
69290
52906
61099
52908
61101
52910
69296
52912
77489
85682
52914
61111
61113
69306
52922
52924
77501
69310
44737
61123
61125
52934
52936
52938
44747
44749
69326
44751
44753
52946
44755
52952
44761
61147
44763
52956
44765
52958
61151
69344
52962
44771
52964
44773
61161
44777
52972
44781
44783
44785
28409
28413
28417
44807
28423
36675
36677
36679
36683
36685
36687
36691
36693
20309
36697
36699
36701
36703
36705
36707
36709
36713
36715
36723
28737
28749
110670
28753
69715
28755
110676
61526
86103
69721
69723
28763
53341
69727
53343
69729
53345
28769
69731
53347
69733
53349
45157
61542
69735
53351
61544
53353
61546
53355
69741
53357
69747
45171
61556
45173
20597
53367
45175
53369
45177
53371
45179
45181
53375
45185
61570
53379
45187
45189
45191
45195
61580
45197
61582
45201
53395
45203
53397
45211
37057
37059
37061
37065
37069
37071
37073
37077
37079
37083
37085
37087
37089
37091
37093
37095
37099
37101
37105
37109
29071
29079
20887
20889
29087
29091
29097
29103
29107
29109
29111
111095
102906
86524
86532
70148
61957
61959
70152
78345
70154
53772
45583
86544
70160
53776
45585
86546
70164
53780
53782
61975
70168
53784
53786
61979
53788
53790
45599
45601
45603
61989
45605
45607
53800
45609
53802
45613
45615
53808
45617
62003
45619
53812
45621
45623
62011
45627
70204
62013
45629
37443
53828
37445
53830
45639
37447
37451
37453
37459
37461
37465
37467
37471
37475
37479
37481
37483
37487
37489
37493
37497
21173
21179
21181
29413
29421
29425
29429
29431
29453
29455
78766
62388
86965
62390
70583
78776
62392
78778
86973
70589
54205
54207
78784
62402
86981
70597
54213
54215
37831
62408
54217
62410
54219
37835
54221
46029
54223
46031
70609
46033
37841
46035
37843
54229
46037
37845
62422
46039
37847
21463
54233
37849
21465
46043
21467
95196
54237
46045
70623
46047
37855
54241
46049
21473
62434
46051
54245
46055
37863
46057
37867
62444
62446
37871
54261
37877
54263
37879
46075
37883
54271
37887
29765
29767
29769
29771
29775
29777
29799
21757
21759
21761
21767
21769
38221
38223
38225
103764
103766
38233
38235
38237
87390
79199
38239
111969
38241
87396
62821
62823
79209
38249
87402
54634
46443
46445
38253
54638
46447
38255
71024
54640
62833
38257
62835
38259
54644
87414
71030
87416
62841
62843
54652
46461
38269
54654
46463
38271
71040
46465
46467
38275
46469
38277
54662
46471
38281
46475
54668
46477
54670
46479
71056
62865
54674
46485
54678
46487
46491
30107
62877
30109
62879
46497
30113
30115
30117
54694
54698
30123
30129
30131
30133
22053
22055
22059
22061
22065
22067
38615
38617
38619
38627
38629
38631
38633
38635
38641
38643
38647
38649
38651
38653
30463
38657
30465
30467
38663
30473
79628
38669
38671
38675
63252
87829
55061
79640
87833
79642
46874
55067
79644
46876
87837
46878
71455
55071
46880
71457
55073
63266
55075
63268
55077
71463
63274
55083
79660
55085
46894
71471
46896
46898
55091
46900
71477
46902
55095
63288
55099
46908
71485
55101
46910
46912
71489
55107
46916
55109
46918
71495
55111
46920
63310
46926
22351
22353
22355
46932
55127
22361
22365
46948
30805
30811
30813
39007
30815
39009
30819
39013
30827
39021
39023
39027
39029
30841
39037
22653
39039
22655
22657
39043
39045
22661
39047
39051
39053
39061
39067
39069
39071
63681
71874
88260
63685
55494
47303
55496
80073
47305
71882
47307
55500
47309
47311
71888
55504
63697
55506
63699
71892
55508
63701
71898
71900
55516
63709
88286
71902
63711
47327
47329
47331
71908
55524
47333
47335
55532
47341
71918
63727
47343
47345
47347
55540
47349
55542
63735
47351
47353
55548
47357
63743
47359
63745
47361
55562
22957
22959
22963
31157
31159
22967
31163
31165
31167
31173
31197
39403
39405
39407
39419
39421
39425
39435
39441
39443
39445
39449
39457
39459
39463
39467
39469
80490
113260
80494
105071
64112
64114
88693
55927
47736
55929
80506
47738
47740
72317
72319
72321
55937
64130
55939
55941
64134
72329
55947
80524
64140
72333
55949
80526
64142
64144
47760
47762
72339
64148
47764
55957
47766
47768
55963
47776
47778
47780
64166
55975
64168
47784
55979
47788
47790
55991
23257
23263
23273
31513
31515
31519
31521
31523
31527
31551
39803
39805
39809
39817
39819
39821
39829
39833
39837
39841
39843
39845
39849
39851
39857
39861
39863
39867
39869
23563
23565
23567
23571
23575
80921
23577
23579
64543
80929
64545
72738
56354
64547
89126
56360
48169
56362
48171
72750
72752
56370
64563
48179
56372
56380
64573
56382
64577
48193
72770
48195
64581
48199
48203
56396
72784
48209
48211
64599
48215
64601
48217
48221
48223
64609
56422
56426
48239
48241
31871
31873
31875
31877
31879
31881
31883
31887
40205
40209
40211
40215
40217
40219
40221
40223
40229
40231
40233
40235
40237
40239
40241
40245
40247
40251
40253
23871
23873
23875
23877
23881
23883
40269
23885
23887
81352
105929
105931
81358
81360
73169
81362
64978
73171
56787
81364
89557
89559
81368
81372
64990
73183
56799
32223
89569
32225
48610
56803
64996
48612
64998
48614
56807
32231
73193
56809
32233
32235
56813
32237
65006
56815
32239
73201
56817
32241
48626
56821
32251
65020
48636
48640
48642
56835
56837
65032
48648
65034
48650
48654
48656
24181
24183
24185
24189
24195
24197
24199
40603
40605
40613
40615
40617
40619
40621
40623
40625
40633
40635
40637
40639
40641
40643
40645
40647
40649
40655
40673
32583
32585
32587
32595
32597
32599
32601
32603
32607
32609
89976
81785
65405
65407
57216
65409
73602
65411
49027
81797
89990
81801
89994
81805
65421
65423
57232
49043
90004
57238
65431
49047
73624
57240
57242
65439
73632
57248
49057
57250
49059
57252
57254
49065
49067
49069
24493
57262
24495
49073
24499
57268
49077
57270
49079
24503
49081
49083
24507
24509
49087
49091
)


// ************************************************************************* //
