/*--------------------------------*- C++ -*----------------------------------*\
| =========                 |                                                 |
| \\      /  F ield         | OpenFOAM: The Open Source CFD Toolbox           |
|  \\    /   O peration     | Version:  v2106                                 |
|   \\  /    A nd           | Website:  www.openfoam.com                      |
|    \\/     M anipulation  |                                                 |
\*---------------------------------------------------------------------------*/
FoamFile
{
    version     2.0;
    format      ascii;
    arch        "LSB;label=32;scalar=64";
    class       cellSet;
    location    "1/polyMesh/sets";
    object      highAspectRatioCells;
}
// * * * * * * * * * * * * * * * * * * * * * * * * * * * * * * * * * * * * * //


1350
(
0
1
2
3
4
77829
5
77830
6
7
77832
8
77834
10
11
77836
12
77838
15
77840
16
17
77842
77844
21
77846
22
23
77848
77850
28
29
30
36
37
38
45
46
47
55
56
57
36924
36925
66
67
68
41033
41034
78
79
80
69717
69718
69719
69720
69722
91
92
93
77918
77919
77921
77923
77925
77927
73833
77929
105
73834
106
73835
77931
107
73836
28780
77933
73838
77935
73840
77937
73842
77939
73844
120
121
122
57467
57468
136
65673
137
65674
138
65676
24717
153
154
155
61607
61608
171
172
173
78006
78007
78009
78011
78013
190
78015
191
192
78017
78019
78021
78023
78025
78027
210
211
212
73959
231
73960
232
73961
233
73962
73964
73966
73968
69873
69874
73970
69875
33011
69876
33012
69878
253
254
255
78093
78094
78096
78098
53522
53523
78100
276
277
78102
278
78104
49434
45338
78106
49435
45339
78108
78110
78112
78114
300
301
302
65853
65854
65856
325
326
327
37211
37212
351
352
353
78179
78180
74084
74085
78182
74086
74087
78184
74089
78186
74091
24940
78188
29037
74093
78190
74095
78192
57714
78194
57715
78196
78198
41334
41335
78200
61818
378
61819
379
380
70028
70029
70030
70031
70033
70035
406
407
408
435
436
437
78265
78267
78269
78271
78273
78275
78277
78279
78281
78283
78285
465
466
467
74208
74209
74210
74211
74213
74215
74217
74219
66032
496
66033
497
498
66035
33284
33285
78351
528
78353
529
530
78355
78357
78359
78361
78363
78365
78367
78369
70182
70183
53799
70184
53800
70185
70187
70189
561
562
563
62027
49739
62028
49740
25165
595
596
45653
597
45654
74331
74332
74333
74334
74336
78434
74338
78436
74340
74342
78438
57959
57960
74344
78440
78442
78444
78446
29295
78448
78450
78452
630
631
632
37499
37500
666
667
668
66210
66211
41636
66213
41637
78518
78520
78522
78524
78526
70335
703
70336
78528
704
70337
705
70338
78530
70340
78532
78534
70342
74453
74454
74455
74456
74458
74460
74462
74464
74466
741
742
743
78599
78601
78603
780
78605
781
782
78607
78609
78611
78613
33558
78615
33559
78617
62234
62235
25392
820
821
822
54074
54075
74574
74575
74576
74577
74579
66387
66388
74581
66390
70487
74583
70488
70489
74585
78681
70490
58202
58203
74587
78683
70492
78685
861
70494
862
78687
863
78689
78691
78693
78695
78697
29554
50042
50043
903
904
905
45969
45970
37788
37789
78760
78762
78764
78766
78768
78770
946
947
78772
948
78774
78776
74694
74695
74696
74697
74699
74701
74703
74705
41939
74707
41940
990
991
992
62439
62440
70638
70639
70640
70641
70643
70645
78840
78842
78844
78846
78848
78850
66563
78852
66564
66566
78854
1035
1036
25621
33833
33834
1081
1082
74813
74814
74815
74816
74818
74820
78917
74822
78919
74824
78921
74826
58443
54347
78923
58444
54348
78925
78927
78929
78931
1128
1129
29814
70788
70789
70790
70791
70793
70795
78995
78997
78999
1176
79001
1177
79003
79005
79007
50343
50344
66738
62642
66739
62643
74931
74932
66741
74933
74934
74936
74938
74940
38078
74942
38079
74944
1225
1226
46286
46287
79070
79072
79074
79076
79078
79080
79082
1275
25852
1276
42243
42244
70937
70938
70939
70940
70942
70944
75048
75049
75050
79146
75051
79148
75053
79150
1326
75055
1327
79152
75057
79154
75059
79156
75061
58682
58683
34109
34110
54618
54619
66912
66913
1378
66915
1379
79219
79221
79223
79225
79227
30075
62843
62844
79229
79231
1431
1432
75164
75165
75166
75167
75169
75171
75173
75175
75177
71085
71086
71087
71088
71090
71092
79293
79295
79297
79299
79301
79303
1485
1486
50642
50643
38369
38370
26085
79364
1540
1541
79366
79368
79370
46604
79372
46605
67085
67086
79374
75279
67088
75280
75281
75282
75284
75286
75288
75290
75292
75294
58919
58920
42548
42549
1596
1597
71232
71233
71234
63042
71235
63043
71237
71239
79436
79438
79440
34386
79442
34387
79444
54887
54888
1653
1654
30337
75393
75394
75395
75396
75398
75400
75402
75404
75406
75408
79505
79507
79509
79511
79513
1711
1712
67257
67258
67260
26320
71378
71379
71380
71381
71383
79575
79577
71385
79579
79581
1770
1771
75506
75507
75508
75509
75511
75513
50939
75515
50940
75517
75519
75521
38661
38662
63239
63240
59154
59155
79642
79644
79646
79648
1830
1831
46923
46924
79710
79712
75618
79714
75619
71523
1891
75620
71524
67428
1892
75621
71525
67429
71526
42854
75623
67431
42855
71528
34664
34665
75625
71530
75627
75629
75631
75633
55154
55155
30600
79775
79777
1953
1954
79779
26557
63434
63435
75729
75730
75731
75732
75734
75736
75738
75740
75742
75744
2016
79841
2017
79843
79845
71667
71668
71669
71670
71672
71674
59387
59388
71676
67598
67599
67601
67603
79904
2080
51234
79906
51235
79908
38954
38955
75839
75840
75841
75842
75844
75846
75848
75850
75852
75854
79968
79970
55419
55420
34943
34944
71810
71811
71812
71813
71815
71817
63627
47243
71819
63628
47244
30864
43161
43162
80029
80031
26796
75948
75949
75950
75951
75953
75955
75957
67767
75959
67768
75961
67770
75963
67772
80091
59618
59619
71952
71953
71954
71955
71957
80150
71959
76056
76057
71961
76058
76059
76061
76063
76065
76067
76069
76071
51527
51528
63818
63819
63821
39248
39249
67935
67936
67938
67940
55682
55683
76163
76164
76165
76166
76168
76170
76172
76174
76176
76178
35223
35224
31129
27037
72093
72094
72095
72096
72098
72100
72102
59847
59848
47562
47563
43469
43470
76269
76270
76271
76272
76274
76276
76278
76280
76282
76284
76286
68102
68103
64008
68105
64009
68107
64011
72233
72234
72235
72236
72238
72240
72242
76374
76375
76376
76377
76379
76381
76383
76385
76387
76389
76391
51818
51819
39543
39544
55943
55944
27280
31395
60074
60075
68268
68269
68271
35504
68273
35505
72372
72373
72374
72375
72377
72379
72381
76478
76479
76480
76481
76483
64197
76485
64198
76487
64200
76489
76491
76493
76495
43778
43779
47879
47880
76581
76582
76583
76584
76586
76588
76590
76592
76594
76596
76598
72510
72511
72512
72513
72515
72517
72519
68433
68434
68435
68436
68438
64385
64386
64388
27525
56202
56203
76683
60299
52107
76684
60300
52108
76685
76686
76688
76690
76692
76694
76696
76698
76700
39839
39840
31661
31662
72647
72648
72649
72650
35786
35787
72652
72654
72656
76784
76785
76786
76787
76789
68597
68598
68599
76791
68600
76793
68602
76795
76797
76799
76801
44088
44089
64572
64573
64575
48194
48195
72783
72784
72785
72786
72788
76884
76885
76886
72790
76887
72792
76889
76891
76893
76895
76897
76899
76901
60522
60523
27772
56459
56460
68760
68761
68762
68763
68765
52394
52395
76983
76984
76985
31929
76986
31930
76988
76990
76992
76994
76996
76998
77000
40136
40137
72918
72919
72920
72921
72923
72925
72927
36069
36070
64758
64759
64761
77081
77082
77083
77084
77086
77088
77090
77092
77094
77096
77098
77100
68922
68923
68924
68925
68927
60743
60744
23888
73052
73053
73054
73055
73057
73059
73061
73063
44399
44400
28021
77178
77179
48507
77180
48508
77181
77183
77185
77187
77189
77191
77193
56714
77195
56715
77197
64943
64944
64946
32198
32199
52679
52680
77274
77275
69083
77276
69084
77277
69085
69086
77279
69088
73185
77281
73186
73187
77283
73188
77285
73190
77287
73192
77289
73194
77291
73196
77293
40434
40435
24060
36353
36354
60962
60963
77369
77370
77371
77372
77374
77376
77378
77380
77382
77384
77386
77388
73317
73318
73319
65127
73320
65128
73322
65130
73324
73326
28272
73328
69243
69244
69245
69246
69248
56967
56968
77463
77464
77465
77466
77468
77470
77472
77474
77476
77478
44711
77480
44712
77482
48818
48819
32468
32469
24277
52962
52963
73448
73449
73450
73451
73453
73455
73457
73459
77556
77557
77559
77561
61179
77563
61180
77565
77567
77569
77571
77573
77575
69402
69403
69404
69405
40733
40734
65310
36638
69407
65311
36639
65313
77648
77649
77651
77653
77655
77657
77659
77661
77663
77665
77667
73578
73579
73580
73581
28525
73583
73585
73587
73589
57218
57219
77739
77740
77742
77744
24496
77746
77748
77750
69560
77752
69561
69562
77754
69563
77756
69565
77758
61394
61395
65492
65493
65495
45024
45025
32739
32740
49127
49128
73706
73707
73708
73709
73711
73713
73715
73717
53243
53244
)


// ************************************************************************* //
