/*--------------------------------*- C++ -*----------------------------------*\
| =========                 |                                                 |
| \\      /  F ield         | OpenFOAM: The Open Source CFD Toolbox           |
|  \\    /   O peration     | Version:  v2106                                 |
|   \\  /    A nd           | Website:  www.openfoam.com                      |
|    \\/     M anipulation  |                                                 |
\*---------------------------------------------------------------------------*/
FoamFile
{
    version     2.0;
    format      ascii;
    arch        "LSB;label=32;scalar=64";
    class       cellSet;
    location    "1/polyMesh/sets";
    object      underdeterminedCells;
}
// * * * * * * * * * * * * * * * * * * * * * * * * * * * * * * * * * * * * * //


3917
(
32776
32778
32779
32780
32781
32782
32783
32784
49175
73753
24612
24613
24614
24615
24616
24617
16425
24618
16426
24619
16427
24620
16428
24621
16429
24622
16430
24623
16431
24624
16432
24625
16433
16434
16435
16436
16437
16438
8247
16439
16440
16441
8250
16442
8251
16443
8252
16444
8253
16445
8254
16446
8255
16447
49252
49256
49260
49264
32880
32881
32882
32883
49268
32884
32885
32886
32887
41081
24721
24722
24723
24724
24725
24726
24727
73880
24728
24729
24730
24731
24732
24733
24734
24735
24736
24737
24738
24739
24743
16553
16554
16555
16556
16557
16558
16559
16560
16561
16562
16563
16564
16565
16566
8375
16567
16568
16569
8378
16570
8379
16571
8380
16572
8381
16573
8382
16574
8383
16575
41160
41181
49400
24834
24835
24836
24837
24838
24839
24840
24841
24842
24843
24844
24845
24846
24847
74006
33049
33050
33051
33052
33054
33055
33056
33061
16684
16685
16686
16687
16688
16689
16690
16691
16692
16693
16694
8503
16695
16696
16697
8506
16698
8507
16699
8508
16700
8509
16701
8510
16702
8511
16703
16704
16705
16712
49482
24945
24946
24947
24948
24949
24950
24951
24952
24953
24954
24955
24956
24957
24958
24959
24960
33153
24961
33154
24962
33155
24963
33156
33157
33158
33159
24967
74131
49558
49562
49566
49570
49574
41382
16816
16817
16818
16819
16820
16821
16822
8631
16823
16824
16825
8634
16826
8635
16827
8636
16828
8637
16829
8638
16830
8639
16831
16832
16833
16834
16835
16836
16837
16846
16847
25058
25059
25060
25061
25062
25063
25064
25065
25066
25067
25068
25069
25070
25071
41461
41482
74255
49706
33323
33324
33325
33327
33328
33329
33330
16950
8759
16951
16952
16953
8762
16954
8763
16955
8764
16956
8765
16957
8766
16958
8767
16959
16960
16961
16962
16963
16964
16965
16966
16967
16968
16969
16970
16971
25171
25172
25173
25174
16982
25175
16983
25176
25177
25178
25179
25180
25181
25182
25183
25184
25185
25186
25187
25188
25189
25193
25199
49787
74378
33426
33427
33428
33429
33430
33431
33432
8887
8890
8891
8892
8893
8894
17086
8895
17087
58048
17088
17089
17090
17091
17092
25285
17093
25286
49862
17094
25287
17095
25288
17096
25289
17097
49866
25290
17098
25291
17099
25292
17100
25293
17101
49870
25294
17102
25295
17103
25296
17104
25297
17105
49874
17106
17107
41684
49878
17120
17121
17123
74500
41763
41767
9015
25399
41784
25400
25401
9018
25402
9019
25403
9020
25404
9021
25405
9022
33598
25406
9023
33599
25407
25408
33601
25409
33602
25410
33603
25411
33604
25412
25413
25414
25415
25416
17225
25417
17226
17227
17228
17229
25421
17230
17231
17232
17233
17234
17235
25427
17236
17237
17238
17239
17240
17241
25433
50010
17242
17243
17244
17245
17260
17261
17263
17264
74621
33700
33701
33702
33703
33704
25513
33705
25514
50090
33706
25515
25516
25517
25518
25519
25520
25521
58290
25522
25523
25524
25525
9143
9146
9147
9148
9149
9150
9151
17365
17366
17367
17368
17369
17370
17371
17372
17373
17374
17375
17376
17377
17378
17379
17380
17381
17382
17383
17384
17385
50164
74741
50168
17402
17403
50172
17405
17406
50176
41987
50180
25629
25630
25631
25632
25633
25634
25635
25636
25637
25638
25639
25640
25641
25642
25643
25644
25645
25646
25647
9271
9274
9275
9277
9278
9279
42066
33874
33876
33877
42070
33878
33879
17507
17508
17509
17510
17511
42087
17512
17513
17514
17515
74860
17516
17517
17518
17519
17520
17521
17522
17523
17524
17525
17526
17527
50312
17546
17547
17549
17550
25743
25744
17552
25745
25746
25747
25748
25749
25750
25751
25752
25753
25754
25755
58530
9399
33975
33976
33977
9402
33978
9403
33979
33980
9405
33981
9406
9407
50391
74978
17651
17652
17653
17654
17655
17656
17657
17658
17659
17660
17661
17662
17663
17664
17665
17666
17667
17668
17669
25861
17670
25862
17671
25863
25864
25865
25866
25867
25868
25869
25870
25871
25872
25873
25874
25875
25876
25877
25878
25879
25880
17692
17693
17695
50464
17696
17697
17698
17699
50468
50472
50476
50480
42291
9527
9530
9531
9533
9534
9535
75095
34152
34153
34154
34155
25975
25976
25977
25978
25979
25980
25981
25982
25983
25984
25985
42370
25986
25987
17797
17798
42374
17799
17800
17801
17802
17803
17804
17805
17806
17807
17808
17809
17810
17811
17812
17813
17814
42391
17815
17816
17817
17840
17841
17843
50612
17844
17845
17846
9655
17847
17848
9658
9659
9661
9662
9663
75211
34252
34253
34254
34255
34256
34257
34258
26095
26096
26097
26098
26099
26100
26101
26102
26103
26104
26105
26106
26107
26108
26109
26110
26111
26112
26113
50690
26114
26118
17946
17947
17948
17949
17950
17951
17952
17953
17954
17955
17956
17957
17958
17959
17960
17961
17962
17963
17964
17965
9783
9784
9786
9787
9789
9790
75326
9791
17990
17991
17992
17993
50762
17994
17995
17996
17997
50766
17998
17999
50770
50774
50778
26209
26210
26211
26212
42596
26213
26214
26215
26216
26217
26218
26219
26220
26221
34430
34431
34432
34437
18096
75440
18097
18098
18099
42675
18100
18101
18102
9911
42679
18103
9912
18104
18105
9914
18106
9915
18107
18108
9917
18109
9918
18110
9919
18111
18112
18113
18114
18115
42696
26331
26332
26333
50910
26334
18142
26335
18143
26336
18144
34529
26337
18145
34530
26338
18146
34531
67299
26339
18147
34532
26340
18148
34533
26341
18149
34534
26342
18150
34535
26343
18151
26344
18152
26345
26346
26347
26348
26349
26350
26354
75553
50987
10039
10040
10042
10043
10045
10046
10047
18248
18249
18250
18251
18252
18253
26445
18254
26446
18255
26447
18256
26448
26449
18257
26450
18258
26451
18259
26452
18260
26453
18261
26454
18262
26455
18263
26456
18264
26457
18265
18266
18267
51058
51062
18295
18296
18297
51066
18298
18299
18300
18301
51070
18302
18303
18304
18305
51074
18306
18307
67471
75665
34708
34709
42902
34710
10167
10168
10170
10171
10173
10174
10175
26569
26570
26571
26572
26573
26574
26575
26576
26577
26578
26579
26580
26581
26582
26583
26584
26585
26586
26587
26588
26592
18402
18403
18404
18405
42981
18406
18407
18408
42985
18409
18410
18411
18412
26604
42989
18413
18414
18415
18416
18417
18418
18419
18420
18421
34807
34808
34809
34810
43002
34811
34812
34813
34814
75776
51206
18451
18452
18453
18454
18455
18456
18457
18458
18459
18460
18461
18462
18463
18464
10295
10296
67641
10298
67642
10299
26684
10301
26685
10302
26686
10303
26687
26688
26689
26690
26691
26692
26693
26694
26695
51282
75886
18558
18559
18560
18561
18562
18563
18564
18565
18566
18567
18568
18569
18570
18571
18572
18573
18574
18575
18576
18577
51352
51356
51360
51364
51368
34988
34989
34990
10416
18609
18610
18611
18612
18613
18614
10423
18615
10424
18616
18617
26809
10426
18618
26810
10427
18619
26811
18620
26812
10429
18621
26813
10430
18622
26814
18623
26815
26816
26817
26818
26819
26820
26821
26822
26823
26824
43209
26825
26826
26827
26828
75995
67810
67811
67812
35087
35088
35089
35090
35091
35092
35093
35094
43288
43292
18717
18718
18719
18720
43296
18721
18722
18723
18724
18725
18726
18727
18728
18729
18730
18731
18732
51500
26924
43309
18733
26925
18734
26926
18735
26927
26928
26929
26930
26931
26932
26933
26934
10551
26935
10552
10554
10555
10557
10558
76103
18769
18770
18771
18772
18773
18774
18775
18776
18777
18778
18779
18780
18781
18782
18783
18784
51575
67978
67979
67980
67981
27051
27052
27053
27054
27055
27056
27057
76210
27058
27059
27060
27061
27062
10679
27063
10680
27064
27065
10682
27066
10683
51644
27068
10685
27069
18877
10686
27070
18878
18879
51648
18880
18881
18882
18883
51652
18884
18885
35269
18886
35270
18887
51656
18888
18889
18890
18891
51660
18892
18893
18894
18895
18931
18932
18933
18934
18935
18936
18937
18938
18939
18940
43517
18941
18942
18943
18944
18945
18946
18947
76316
27166
27167
27168
27169
27170
27171
27172
27173
27174
35367
27175
35368
27176
35369
27177
35370
35371
35372
35373
35374
68145
68146
10803
68147
68148
68149
10807
10808
10810
10811
10813
10814
43596
43600
51792
43604
19039
19040
43617
19041
19042
19043
19044
19045
19046
19047
19048
19049
19050
19051
19052
19053
19054
19055
19056
19057
76421
19095
19096
19097
51866
19098
19099
19100
19101
19102
19103
27295
19104
27296
19105
27297
19106
27298
19107
27299
19108
27300
19109
27301
19110
27302
19111
27303
19112
27304
27305
27306
27307
27308
27309
27310
27312
27313
27314
27315
10935
10936
10938
10939
10941
10942
68312
68313
68314
68315
51934
35551
51938
51942
51946
76525
51950
19203
19204
19205
19206
19207
19208
19209
19210
19211
19212
19213
19214
19215
19216
19217
19218
27410
19219
27411
19220
27412
19221
27413
27414
27415
27416
27417
27418
27419
27420
27421
43826
11064
11066
11067
11069
19261
11070
19262
19263
35648
19264
35649
19265
35650
19266
35651
19267
35652
19268
35653
19269
35654
19270
35655
19271
35656
19272
19273
19274
19275
19276
19277
19278
19279
76628
52082
68477
68478
68479
68480
43905
43909
43913
27541
43926
27542
27543
27544
27545
27546
27547
27548
27549
27550
27551
27552
27553
27554
27555
27556
27558
27559
27560
19369
27561
19370
19371
19372
19373
19374
19375
19376
19377
19378
19379
19380
19381
11190
19382
19383
11192
19384
19385
11194
76730
19386
11195
52155
19387
11197
11198
19429
19430
19431
19432
19433
19434
19435
19436
19437
19438
19439
19440
19441
19442
19443
19444
19445
19446
19447
19448
52222
35838
52226
52230
27656
27657
52234
27658
27659
27660
27661
52238
27662
27663
27664
27665
27666
27667
76831
68641
68642
68643
68644
11320
11322
35898
11323
11325
11326
19538
19539
19540
19541
19542
19543
19544
19545
19546
35931
19547
35932
19548
35933
19549
35934
19550
35935
19551
35936
19552
35937
19553
35938
19554
19555
44136
76931
27789
27790
27791
19599
27792
19600
27793
19601
52370
27794
19602
27795
19603
27796
19604
27797
19605
27798
19606
27799
19607
27800
19608
27801
19609
27802
19610
27803
19611
27804
19612
19613
27806
19614
27807
27808
19616
27809
19617
19618
27813
44215
11448
11450
11451
44219
11453
11454
44223
44227
68804
68805
68806
68807
44236
52442
77030
19708
19709
19710
19711
27904
19712
27905
19713
27906
19714
27907
19715
19716
27908
19717
27909
19718
27910
19719
27911
19720
27912
27913
19721
27914
19722
27915
19723
19724
19725
36117
52508
52516
52520
52524
11576
11577
11578
11579
19771
19772
11581
19773
11582
19774
19775
19776
19777
19778
19779
19780
19781
19782
19783
77128
19784
19785
19786
19788
19789
19790
19792
68966
68967
68968
68969
36214
36215
36216
36217
36218
36219
36220
36221
36222
28039
28040
28041
28042
28043
28044
28045
28046
28047
28048
28049
28050
28051
28052
28053
28054
28056
28057
28058
28059
44447
19880
77225
19881
19882
19883
19884
19885
19886
19887
52656
19888
19889
19890
19891
19892
19893
19894
19895
11704
19896
19897
11706
11707
11709
11710
19945
19946
19947
19948
19949
19950
19951
19952
19953
44530
19954
19955
19956
19957
44534
19958
52727
19959
19960
44538
19962
28155
19963
28156
19964
28157
19966
28158
19967
28159
28160
28161
28162
44547
28163
28164
28165
69128
77321
69129
69130
52784
36401
11832
11834
11835
11837
11838
52800
52804
52808
20054
20055
20056
20057
20058
20059
20060
20061
20062
20063
20064
20065
20066
20067
20068
20069
20070
20071
77416
28291
28292
28293
28294
28295
28296
28297
28298
28299
28300
28301
28302
28303
28304
28305
28306
36498
36499
36500
28308
36501
28309
36502
28310
36503
28311
36504
36505
20121
36506
20122
36507
20123
20124
20125
20126
20127
20128
20129
20130
20131
20132
20133
20134
20135
69288
20136
69289
69290
20138
20139
20140
20143
20144
11960
11961
11962
11963
11964
11965
11966
77510
52940
44759
28407
28408
28409
28410
28411
28412
28413
28414
28415
28416
28417
20230
20231
20232
20233
20234
20235
20236
20237
20238
20239
20240
20241
20242
53010
20243
20244
20245
20246
20247
77603
44842
44846
44850
12088
12089
12090
12091
44859
12092
12093
12094
69447
69448
69449
20299
20300
20301
36686
20302
20303
20304
20305
20306
20307
20308
20309
20310
20311
20312
20313
53082
20314
20316
20317
53086
20318
20321
53090
20322
20323
77695
28545
28546
28547
28548
28549
28550
28551
28552
28553
28554
28555
28556
28557
28558
28559
28560
28562
28563
28564
28565
36784
36785
36786
36787
36788
36789
36790
36791
12216
36792
12217
20409
12218
20410
12219
20411
12220
20412
12221
20413
12222
20414
20415
20416
20417
20418
20419
20420
20421
20422
20423
20424
20425
77786
69605
69606
53222
69607
28661
28662
28663
28664
28665
28666
28667
28668
28669
28670
28671
20479
20480
20481
20482
20483
20484
20485
20486
20487
20488
20489
20490
20491
20492
20493
20494
45072
20497
20498
20501
20502
20503
53291
77876
12344
12345
12346
12347
12348
12349
12350
12351
45155
45159
45163
36972
20589
20590
20591
20592
20593
53362
20594
20595
45172
20596
20597
53366
20598
20599
20600
20601
53370
20602
20603
20604
20605
28801
69762
28802
69763
28803
69764
28804
28805
28806
28807
28808
28809
28810
28811
28812
77965
28813
28814
28815
28816
28818
28819
28820
28821
28822
20661
20662
20663
12472
20664
12473
20665
12474
20666
12475
20667
12476
20668
12477
20669
12478
20670
12479
20671
20672
20673
20674
20675
20676
20679
20680
20683
20684
20685
37070
37071
37072
37073
37074
37075
37076
37077
37078
37079
78053
28917
28918
28919
28920
28921
28922
28923
28924
28925
28926
28927
69919
69920
20771
20772
20773
20774
20775
20776
20777
20778
20779
20780
20781
20782
20783
20784
20785
20786
20787
12600
12601
12603
12604
78140
12605
12606
12607
53570
45386
20845
20846
20847
20848
20849
20850
20851
20852
20853
20854
20855
20856
20857
20858
20859
20860
20863
20864
29059
20868
29060
20869
29061
20870
29062
29063
29064
29065
29066
37259
29067
53644
29068
29069
29070
29071
53648
37264
29072
29073
78226
29075
29076
29077
29078
29079
29083
45469
45473
12707
45477
45481
45486
12728
12729
70074
12731
70075
12732
12733
12734
12735
20955
20956
20957
20958
20959
20960
20961
20962
20963
20964
20965
20966
78311
20967
20968
20969
20970
20971
37357
37358
37359
37360
37361
37362
37363
37364
37365
37366
29174
29175
29176
29177
29178
29179
29180
29181
29182
29183
29184
12835
12836
21031
21032
21033
21034
21035
21036
21037
21038
21039
21040
21041
21042
21043
21044
12853
21045
21046
12856
12857
21049
21050
12859
78395
12860
12861
12862
21054
12863
21055
21056
70228
70229
53847
45701
29318
29319
29320
29321
29322
29323
29324
29325
78478
29326
29327
29328
29329
29330
29331
21141
29333
21142
29334
21143
29335
21144
29336
21145
29337
21146
21147
21148
21149
21150
21151
53920
21152
21153
21154
21155
21156
53924
12964
21157
12965
37547
12981
12984
12985
12987
12988
12989
12990
12991
45784
45788
45792
78560
21219
45796
21220
21221
21222
21223
21224
45801
21225
21226
21227
21228
70381
21229
70382
21230
21231
21232
21233
21234
21237
21238
21239
29433
29434
21242
29435
21243
29436
21244
29437
29438
29439
29440
29441
29442
37646
37647
37648
37650
37651
37652
37653
37654
37655
13092
13093
13094
13109
13112
13113
13115
13116
13117
13118
13119
21329
21330
21331
21332
21333
21334
21335
21336
21337
21338
21339
21340
21341
21342
21343
21344
21345
54122
70533
70534
29578
29579
29580
29581
29582
29583
29584
29585
29586
29587
29588
29589
29590
29592
29593
29594
29595
29596
54175
21409
21410
21411
13220
21412
13221
21413
21414
13222
21415
13223
21416
21417
21418
21419
21420
21421
21422
21423
21424
54194
21428
21429
54198
13240
21432
13241
21433
21434
13243
13244
13245
13246
13247
46017
37836
29692
29693
29694
29695
29696
29697
29698
29699
29700
29701
21520
21521
21522
21523
46100
21524
21525
21526
21527
46104
21528
21529
21530
21531
46108
21532
70685
21533
21534
21535
46112
13348
46117
13349
13350
13351
13352
37935
37936
37937
37942
37943
13368
37944
13369
13371
13372
13373
13374
13375
21601
21602
21603
21604
21605
21606
21607
21608
21609
21610
21611
21612
21613
21614
21615
21616
21620
21621
21625
21626
54395
29839
29840
29841
29842
29843
29844
29845
29846
29847
29848
29849
29850
29852
29853
29854
29855
29856
13477
13478
13479
13480
13481
70835
13496
13497
13499
13500
13501
13502
13503
54466
54470
21712
21713
21714
21715
21716
21717
21718
21719
21720
21721
21722
21723
21724
21725
21726
21727
38126
46334
29952
29953
29954
29955
29956
29957
29958
29959
29960
29961
21795
21796
13605
21797
13606
21798
13607
21799
13608
21800
21801
13609
21802
13610
21803
21804
21805
21806
21807
21808
21809
21810
21814
21815
13624
13625
13627
21819
13628
21820
13629
13630
13631
70984
46417
38226
38227
46421
46425
46429
46434
54666
21906
21907
21908
21909
30101
21910
30102
21911
30103
21912
30104
21913
30105
21914
30106
21915
30107
21916
30108
21917
30109
21918
30110
21919
30111
21920
30113
21921
30114
30115
30116
13733
30117
30118
13734
13735
13736
13737
13738
13739
13752
13753
13755
13756
13757
13758
13759
54740
71132
46561
21991
21992
21993
21994
21995
21996
21997
21998
21999
22000
22001
22002
22003
22004
22005
22006
22010
22011
22015
22016
30213
30214
30215
30216
30217
30218
30219
30220
30221
30222
38417
13861
13862
13863
13864
13865
13866
13867
13868
13880
13881
13883
13884
46652
13886
13887
22102
22103
22104
22105
22106
22107
22108
22109
22110
22111
22112
22113
22114
22115
22116
22117
71279
38517
38518
46735
46739
46743
54935
46747
30364
30365
30366
46751
30367
30368
30369
30370
30371
30372
30373
13990
13991
30375
13992
30376
30377
13993
30378
13994
30379
13995
30380
13996
13997
22189
22190
30384
22192
22193
22194
22195
22196
22197
22198
22199
14008
22200
14009
22201
22202
14011
22203
14012
22204
14014
14015
22208
22209
22213
22214
22215
22220
55008
71425
30475
30476
30477
30478
30479
30480
30481
30482
30483
30484
22300
22301
22302
22303
22304
22305
46881
22306
22307
22308
22309
22310
14118
22311
14119
22312
14120
22313
14121
22314
14122
22315
14123
14124
14125
14126
38709
14136
14137
14139
14140
14142
14143
22389
22390
22392
22393
22394
46971
22395
22396
22397
22398
22399
22400
22401
22402
22403
22404
22409
22414
22415
71570
38809
38810
55202
30628
30629
14246
30630
14247
30631
14248
30632
14249
30633
14250
30634
14251
30635
30636
14252
14253
30638
14254
30639
14255
30640
30641
30642
30643
14264
14265
14267
14268
14270
14271
47054
47058
47062
47066
47070
22501
22502
22503
22504
22505
55274
22506
22507
22508
22509
22510
22511
22512
22513
22514
22515
30738
30739
30740
30741
30742
30743
30744
30745
30746
30747
71714
14374
14375
14376
14377
14378
14379
14380
14381
14382
14383
14384
14392
14393
14395
14396
14398
14399
22591
22592
22594
22595
22596
22597
22598
22599
22600
22601
22602
22603
22604
22605
22606
22611
22616
22617
39002
47202
14503
14504
14505
14506
55467
14507
14508
14509
30893
14510
30894
22703
30895
14511
22704
30896
14512
71857
22705
30897
14513
22706
30898
22707
30899
22708
30900
22709
22710
30902
6327
22711
30903
14520
22712
30904
14521
22713
30905
22714
30906
14523
47291
22715
30907
14524
22716
22717
14526
39102
14527
39103
55516
22795
22796
47374
22798
22799
22801
47378
22802
22803
22804
22805
47382
22806
22807
22808
22809
47386
22810
31003
31004
31005
47390
31006
31007
22815
31008
22816
31009
31010
31011
22820
22821
14631
14632
14633
14634
14635
14636
14637
14638
14639
14640
14641
14642
14648
14649
14651
14652
14654
14655
71999
22907
22908
22909
22910
22911
39296
22912
22913
22914
22915
22916
22917
22918
22919
22920
22921
47522
14759
14760
14761
14762
14763
14764
14765
14766
14767
14768
14769
55730
14770
14771
31159
14776
31160
14777
31161
31162
14779
31163
14780
31164
31165
14782
14783
31167
31168
31169
31170
31171
31172
72140
23001
23002
23004
23005
23007
23008
23009
55778
23010
23011
39396
23012
39397
23013
23014
23015
23016
23021
23022
23026
23027
47610
6669
31268
31269
31270
31271
14887
31272
14888
31273
14889
31274
14890
31275
14891
31276
14892
14893
14894
14895
14896
14897
14898
14899
14900
14902
14904
14905
14907
14908
14910
14911
23113
23114
23115
47692
23116
23117
23118
23119
47696
23120
23121
23122
23123
47700
23124
23125
23126
23127
47704
72280
47708
39591
15016
15017
23209
15018
23210
15019
15020
23212
15021
23213
15022
15023
23215
15024
23216
15025
23217
15026
23218
23219
15027
23220
15028
23221
15029
15030
23222
55991
23223
15032
23224
15033
23225
15035
15036
23229
15038
23230
15039
15040
31426
23235
31427
31428
31429
31430
31431
23241
31433
31434
31435
31436
31437
31438
47840
72419
39691
39692
23321
23322
23323
23324
23325
23326
23327
23328
23329
23330
23331
23332
23333
23334
23335
15144
15145
15146
15147
15148
15149
31534
15150
31535
15151
31536
15152
31537
15153
31538
15154
31539
15155
31540
15156
31541
15157
31542
15158
47927
15160
15161
15163
15164
15166
15167
7020
72557
23419
23420
23422
23423
23425
23426
23427
23428
23429
23430
23431
48008
23432
23433
23434
23435
48012
23436
48016
23440
48020
23445
23446
48024
15272
15273
15274
15275
15276
15277
15278
15279
15280
15281
15282
15283
15284
15285
15286
15287
15288
15289
56250
15291
15292
15294
15295
15296
31694
39887
31695
31696
31697
31698
31700
31701
31702
31703
31704
31705
31706
31710
23531
23532
23533
23534
23535
23536
23537
23538
23539
23540
23541
72694
23542
23543
23544
23545
48156
15400
15401
15402
15403
15404
15405
15406
15407
15408
15409
15410
39987
15411
39988
15412
15413
15414
15415
15416
15417
31801
31802
15419
31803
15420
31804
31805
15422
31806
15423
31807
15424
31808
31809
23631
23632
80978
23634
23635
23636
23637
23638
23639
23640
23641
23642
7259
23643
23644
23645
23646
23647
23648
23652
23657
23658
48242
81020
72830
81061
15529
15530
15531
15532
15533
15534
15535
15536
15537
15538
15539
15540
15541
15542
15543
15544
15545
15547
56507
15548
15550
15551
23743
23744
23745
48322
23746
23747
23748
23749
48326
23750
23751
23752
23753
48330
23754
23755
23756
81101
23757
48334
48338
7379
7380
31963
31964
31965
31966
31968
31969
31970
31971
31972
31973
31974
81140
40184
72965
23845
23846
23848
15657
23849
15658
23850
15659
23851
15660
23852
15661
23853
15662
23854
15663
23855
15664
23856
15665
23857
15666
23858
15667
23859
15668
23860
15669
23861
15670
23862
15671
15672
15673
23866
15674
15675
15676
15678
15679
15680
23872
32070
32071
32072
32073
32074
32075
7500
32076
32077
7502
48470
40284
40285
73099
23958
23959
23960
23961
23962
23963
23964
23965
23966
23967
23968
23969
23970
23971
15785
15786
48555
15787
15788
15789
15790
15791
15792
15793
15794
15795
15796
15797
15798
15799
15800
15801
56762
15802
15803
15804
15806
15807
15808
7622
7624
7625
56807
32233
32234
32235
32237
32238
32239
32240
32241
32242
32243
48634
24061
48638
24062
24063
24064
24065
48642
24066
24067
24068
24069
48646
24070
24071
24072
24073
48650
24074
24075
24076
24077
24078
73232
24082
24088
40482
15913
15914
15915
15916
15917
15918
15919
15920
15921
15922
15923
15924
15925
15926
15927
15928
15929
15930
15931
15932
15934
15935
7745
7747
7748
7749
32339
32340
32341
32342
32343
32344
32345
32346
24174
24175
24176
40561
24177
24178
24179
24180
24181
24182
24183
24184
24185
24186
24187
40582
48782
73364
16042
16043
16044
16045
16046
16047
16048
16049
16050
16051
16052
16053
16054
57015
16055
16056
16057
16058
16059
16060
7869
16061
16062
16063
16064
7872
7873
7874
24279
24280
24281
24282
24283
24284
24285
24286
24287
24288
24289
48866
24290
57059
24291
24292
24293
24294
24295
24296
24300
24306
24312
32504
32505
32507
32508
32509
32510
32511
32512
32513
73495
16170
16171
16172
16173
16174
16175
48944
16176
16177
16178
16179
48948
16180
16181
16182
16183
48952
16184
16185
7994
16186
16187
48956
16188
7997
16189
7998
16190
16191
7999
16192
48960
8000
24392
24393
24394
24395
24396
40781
24397
24398
24399
24400
24401
24402
24403
24404
24405
32609
32610
32611
32612
32613
32614
32615
32616
73625
40860
16298
16299
16300
16301
16302
16303
16304
16305
40881
57266
16306
16307
24499
16308
24500
16309
24501
16310
24502
16311
24503
8120
16312
24504
16313
24505
16314
24506
8123
16315
24507
8124
16316
24508
8125
24509
16317
8126
24510
16318
8127
24511
16319
24512
24513
24514
24515
49092
24516
24517
24521
24526
57309
)


// ************************************************************************* //
