/*--------------------------------*- C++ -*----------------------------------*\
| =========                 |                                                 |
| \\      /  F ield         | OpenFOAM: The Open Source CFD Toolbox           |
|  \\    /   O peration     | Version:  v2106                                 |
|   \\  /    A nd           | Website:  www.openfoam.com                      |
|    \\/     M anipulation  |                                                 |
\*---------------------------------------------------------------------------*/
FoamFile
{
    version     2.0;
    format      ascii;
    arch        "LSB;label=32;scalar=64";
    class       faceSet;
    location    "1/polyMesh/sets";
    object      coupledFaces;
}
// * * * * * * * * * * * * * * * * * * * * * * * * * * * * * * * * * * * * * //


256
(
13824
6659
6660
2567
2568
5129
5130
523
524
11789
11790
8207
8208
3097
3098
6179
6180
2087
2088
1577
1578
13357
13358
1073
1074
8759
8760
569
570
71
10319
10320
4177
4178
5717
5718
87
88
3677
3678
11359
11360
12899
12900
4709
4710
617
105
618
106
2669
2670
9329
9330
1139
1140
1657
1658
125
126
2179
2180
3209
3210
16529
16530
16019
147
16020
148
17047
17048
5273
5274
667
668
15517
15518
7327
7328
12449
12450
17573
17574
6823
6824
7849
7850
171
172
15023
15024
1207
1208
10937
10938
18107
18108
9917
9918
6337
6338
8389
197
8390
198
14537
14538
1739
1740
719
720
4307
4308
2773
2774
3799
3800
2273
225
2274
226
12007
12008
14059
14060
5869
5870
4847
4848
8947
8948
3323
3324
1277
1278
255
256
773
774
13589
13590
10523
10524
1823
287
1824
288
5419
5420
9523
9524
11573
11574
829
830
2879
2880
2369
321
2370
322
1349
1350
13127
13128
7499
7500
6989
6990
3923
3924
4439
4440
8027
8028
6497
6498
358
3439
3440
1909
1910
887
888
4987
4988
8573
8574
12673
12674
10117
10118
6023
6024
11147
11148
396
397
1423
1424
16273
16274
16787
16788
15767
15768
17309
17310
2467
2468
15269
15270
2987
2988
17839
17840
9137
9138
947
948
437
438
18360
14779
14780
5567
5568
12227
12228
18378
1997
1998
4049
4050
14297
14298
1499
1500
4573
4574
479
480
3557
3558
10729
10730
1009
1010
7157
7158
9719
9720
7673
7674
13823
)


// ************************************************************************* //
