/*--------------------------------*- C++ -*----------------------------------*\
| =========                 |                                                 |
| \\      /  F ield         | OpenFOAM: The Open Source CFD Toolbox           |
|  \\    /   O peration     | Version:  v2106                                 |
|   \\  /    A nd           | Website:  www.openfoam.com                      |
|    \\/     M anipulation  |                                                 |
\*---------------------------------------------------------------------------*/
FoamFile
{
    version     2.0;
    format      ascii;
    arch        "LSB;label=32;scalar=64";
    class       cellSet;
    location    "1/polyMesh/sets";
    object      highAspectRatioCells;
}
// * * * * * * * * * * * * * * * * * * * * * * * * * * * * * * * * * * * * * //


11789
(
0
1
2
3
4
5
6
7
8
9
10
11
12
13
14
15
16
17
18
19
20
21
22
23
24
25
26
27
98331
28
98332
29
98333
30
98334
31
98335
32
98336
33
98337
34
98338
35
98339
36
98340
37
98341
38
98342
39
98343
40
98344
41
294953
98345
42
294954
43
294955
44
294956
45
294957
46
294958
47
294959
48
294960
49
50
51
52
53
54
55
56
57
58
59
60
61
62
63
64
65
66
67
68
69
70
71
72
73
74
75
76
77
78
79
80
81
82
83
84
85
86
87
88
89
90
91
92
93
94
95
96
97
98
99
100
101
102
103
104
262249
105
262250
106
262251
107
262252
108
109
262253
110
262254
111
262255
112
262256
113
262257
114
262258
115
262259
116
262260
117
262261
118
262262
119
262263
120
262264
121
262265
122
262266
123
262267
124
262268
125
262269
126
229502
262270
127
229503
262271
128
129
130
131
132
133
134
135
136
137
138
139
140
141
142
143
144
145
146
147
148
149
150
151
152
153
154
155
156
157
158
159
160
161
162
163
164
165
166
167
168
169
170
171
172
173
174
175
176
177
178
179
180
181
182
183
184
185
186
187
188
189
190
191
192
193
194
195
196
197
198
199
200
201
202
203
204
205
206
207
208
209
210
211
212
213
214
215
216
217
218
219
220
221
222
223
224
225
226
227
228
229
230
231
232
233
234
235
236
237
238
239
240
241
242
243
244
245
246
247
248
249
250
251
252
253
254
255
256
257
258
259
260
261
262
295174
263
295175
264
295176
265
295177
266
295178
267
295179
268
295180
269
295181
270
271
272
273
274
275
276
277
278
279
280
281
282
283
284
285
286
287
288
289
290
291
292
293
294
295
296
297
298
299
300
301
302
303
304
305
306
307
308
309
310
311
312
313
314
315
316
317
318
319
320
321
322
323
324
325
326
327
328
329
330
331
332
333
334
335
336
337
338
339
340
341
342
343
344
345
346
347
348
349
350
351
352
353
354
355
356
357
358
359
360
361
262505
362
262506
363
262507
364
262508
365
262509
366
262510
367
262511
368
262512
369
262513
370
262514
371
262515
372
262516
373
262517
374
262518
375
262519
376
262520
377
262521
378
262522
379
262523
380
262524
381
262525
382
229758
262526
383
229759
262527
384
385
386
387
388
389
390
391
392
393
394
395
396
397
398
399
400
401
402
403
404
405
406
407
408
409
410
411
412
413
414
415
416
417
418
419
420
421
422
423
424
425
426
427
428
429
430
431
432
433
434
435
436
437
438
439
440
441
442
443
444
445
446
447
448
449
450
451
452
453
454
455
456
457
458
459
460
461
462
463
464
465
466
467
468
469
470
98774
471
98775
472
98776
473
98777
474
98778
475
98779
476
98780
477
98781
478
98782
479
98783
480
98784
481
98785
482
295394
98786
483
295395
98787
484
295396
98788
485
295397
98789
486
295398
487
295399
488
295400
489
295401
490
295402
491
492
493
494
495
496
497
498
499
500
501
502
503
504
505
506
507
508
509
510
511
512
513
514
515
516
517
518
519
520
521
522
523
524
525
526
527
528
529
530
531
532
533
534
535
536
537
538
539
540
541
542
543
544
545
546
547
548
549
550
551
552
553
554
555
556
557
558
559
560
561
562
563
564
565
566
567
568
569
570
571
572
573
574
575
576
577
578
579
580
581
582
583
584
585
586
587
588
589
590
591
592
593
594
595
596
597
598
599
600
601
602
603
604
605
606
607
608
609
610
611
612
613
614
615
616
617
262761
618
262762
619
262763
620
262764
621
262765
622
262766
623
262767
624
262768
625
262769
626
262770
627
262771
628
262772
629
262773
630
262774
631
262775
632
262776
633
262777
634
262778
635
262779
636
262780
637
262781
638
230014
262782
639
230015
262783
640
641
642
643
644
645
646
647
648
649
650
651
652
653
654
655
656
657
658
659
660
661
662
663
664
665
666
667
668
669
670
671
672
673
674
675
676
677
678
679
680
681
682
683
684
685
686
687
688
689
690
691
692
693
694
695
696
697
698
699
700
701
295613
702
295614
703
295615
704
295616
705
295617
706
295618
707
295619
708
295620
709
295621
710
711
712
713
714
715
716
717
718
719
720
721
722
723
724
725
726
727
728
729
730
731
732
733
734
735
736
737
738
739
740
741
742
743
744
745
746
747
748
749
750
751
752
753
754
755
756
757
758
759
760
761
762
763
764
765
766
767
768
769
770
771
772
773
774
775
776
777
778
779
780
781
782
783
784
785
786
787
788
789
790
791
792
793
794
795
796
797
798
799
800
801
802
803
804
805
806
807
808
809
810
811
812
813
814
815
816
817
818
819
820
821
822
823
824
825
826
827
828
829
830
831
832
833
834
835
836
837
838
839
840
841
842
843
844
845
846
847
848
849
850
851
852
853
854
855
856
857
858
859
860
861
862
863
864
865
866
867
868
869
870
871
872
873
263017
874
263018
875
263019
876
263020
877
263021
878
263022
879
263023
880
263024
881
263025
882
263026
883
263027
884
263028
885
263029
886
263030
887
263031
888
263032
889
263033
890
263034
891
263035
892
263036
893
263037
894
230270
263038
895
230271
263039
896
897
898
899
900
901
902
903
904
905
906
907
908
909
910
911
912
913
914
99218
915
99219
916
99220
917
99221
918
99222
919
99223
920
295832
99224
921
295833
99225
922
295834
99226
923
295835
99227
924
295836
99228
925
295837
99229
926
295838
99230
927
99231
295839
928
99232
929
99233
930
99234
931
932
933
934
935
936
937
938
939
940
941
942
943
944
945
946
947
948
949
950
951
952
953
954
955
956
957
958
959
960
961
962
963
964
965
966
967
968
969
970
971
972
973
974
975
976
977
978
979
980
981
982
983
984
985
986
987
988
989
990
991
992
993
994
995
996
997
998
999
1000
1001
1002
1003
1004
1005
1006
1007
1008
1009
1010
1011
1012
1013
1014
1015
1016
1017
1018
1019
1020
1021
1022
1023
1024
1025
1026
1027
1028
1029
1030
1031
1032
1033
1034
1035
1036
1037
1038
1039
1040
1041
1042
1043
1044
1045
1046
1047
1048
1049
1050
1051
1052
1053
1054
1055
1056
1057
1058
1059
1060
1061
1062
1063
1064
1065
1066
1067
1068
1069
1070
1071
1072
1073
1074
1075
1076
1077
1078
1079
1080
1081
1082
1083
1084
1085
1086
1087
1088
1089
1090
1091
1092
1093
1094
1095
1096
1097
1098
1099
1100
1101
1102
1103
1104
1105
1106
1107
1108
1109
1110
1111
1112
1113
1114
1115
1116
1117
1118
1119
1120
1121
1122
1123
1124
1125
1126
1127
1128
263273
1129
263274
1130
263275
1131
1132
263276
1133
263277
1134
263278
1135
263279
1136
263280
1137
263281
296049
1138
263282
296050
1139
263283
296051
1140
263284
296052
1141
263285
296053
1142
263286
296054
1143
263287
296055
1144
263288
296056
1145
263289
296057
1146
263290
1147
263291
1148
263292
1149
263293
1150
230526
263294
1151
230527
263295
1152
1153
1154
1155
1156
1157
1158
1159
1160
1161
1162
1163
1164
1165
1166
1167
1168
1169
1170
1171
1172
1173
1174
1175
1176
1177
1178
1179
1180
1181
1182
1183
1184
1185
1186
1187
1188
1189
1190
1191
1192
1193
1194
1195
1196
1197
1198
1199
1200
1201
1202
1203
1204
1205
1206
1207
1208
1209
1210
1211
1212
1213
1214
1215
1216
1217
1218
1219
1220
1221
1222
1223
1224
1225
1226
1227
1228
1229
1230
1231
1232
1233
1234
1235
1236
1237
1238
1239
1240
1241
1242
1243
1244
1245
1246
1247
1248
1249
1250
1251
1252
1253
1254
1255
1256
1257
1258
1259
1260
1261
1262
1263
1264
1265
1266
1267
1268
1269
1270
1271
1272
1273
1274
1275
1276
1277
1278
1279
1280
1281
1282
1283
1284
1285
1286
1287
1288
1289
1290
1291
1292
1293
1294
1295
1296
1297
1298
1299
1300
1301
1302
1303
1304
1305
1306
1307
1308
1309
1310
1311
1312
1313
1314
1315
1316
1317
1318
1319
1320
1321
1322
1323
1324
1325
1326
1327
1328
1329
1330
1331
1332
1333
1334
1335
1336
1337
1338
1339
1340
1341
1342
1343
1344
1345
1346
1347
1348
1349
1350
1351
1352
1353
296265
1354
296266
1355
296267
1356
296268
1357
296269
1358
296270
1359
296271
1360
296272
99664
1361
296273
99665
1362
99666
1363
99667
1364
99668
1365
99669
1366
99670
1367
99671
1368
99672
1369
99673
1370
99674
1371
99675
1372
99676
1373
99677
1374
99678
1375
99679
1376
99680
1377
1378
1379
1380
1381
1382
1383
1384
263529
1385
1386
263530
1387
263531
1388
263532
1389
263533
1390
263534
1391
263535
1392
263536
1393
263537
1394
263538
1395
263539
1396
263540
1397
263541
1398
263542
1399
263543
1400
263544
1401
263545
1402
263546
1403
263547
1404
263548
1405
230781
263549
1406
230782
263550
1407
230783
263551
1408
1409
1410
1411
1412
1413
1414
1415
1416
1417
1418
1419
1420
1421
1422
1423
1424
1425
1426
1427
1428
1429
1430
1431
1432
1433
1434
1435
1436
1437
1438
1439
1440
1441
1442
1443
1444
1445
1446
1447
1448
1449
1450
1451
1452
1453
1454
1455
1456
1457
1458
1459
1460
1461
1462
1463
1464
1465
1466
1467
1468
1469
1470
1471
1472
1473
1474
1475
1476
1477
1478
1479
1480
1481
1482
1483
1484
1485
1486
1487
1488
1489
1490
1491
1492
1493
1494
1495
1496
1497
1498
1499
1500
1501
1502
1503
1504
1505
1506
1507
1508
1509
1510
1511
1512
1513
1514
1515
1516
1517
1518
1519
1520
1521
1522
1523
1524
1525
1526
1527
1528
1529
1530
1531
1532
1533
1534
1535
1536
1537
1538
1539
1540
1541
1542
1543
1544
1545
1546
1547
1548
1549
1550
1551
1552
1553
1554
1555
1556
1557
1558
1559
1560
1561
1562
1563
1564
1565
1566
1567
1568
296480
1569
296481
1570
296482
1571
296483
1572
296484
1573
296485
1574
296486
1575
296487
1576
296488
1577
1578
1579
1580
1581
1582
1583
1584
1585
1586
1587
1588
1589
1590
1591
1592
1593
1594
1595
1596
1597
1598
1599
1600
1601
1602
1603
1604
1605
1606
1607
1608
1609
1610
1611
1612
1613
1614
1615
1616
1617
1618
1619
1620
1621
1622
1623
1624
1625
1626
1627
1628
1629
1630
1631
1632
1633
1634
1635
1636
1637
1638
1639
1640
1641
263785
1642
263786
1643
263787
1644
263788
1645
263789
1646
263790
1647
263791
1648
263792
1649
263793
1650
263794
1651
263795
1652
263796
1653
263797
1654
263798
1655
263799
1656
263800
1657
263801
1658
263802
1659
263803
1660
263804
1661
231037
263805
1662
231038
263806
1663
231039
263807
1664
1665
1666
1667
1668
1669
1670
1671
1672
1673
1674
1675
1676
1677
1678
1679
1680
1681
1682
1683
1684
1685
1686
1687
1688
1689
1690
1691
1692
1693
1694
1695
1696
1697
1698
1699
1700
1701
1702
1703
1704
1705
1706
1707
1708
1709
1710
1711
1712
1713
1714
1715
1716
1717
1718
1719
1720
1721
1722
1723
1724
1725
1726
1727
1728
1729
1730
1731
1732
1733
1734
1735
1736
1737
1738
1739
1740
1741
1742
1743
1744
1745
1746
1747
1748
1749
1750
1751
1752
1753
1754
1755
1756
1757
1758
1759
1760
1761
1762
1763
1764
1765
1766
1767
1768
1769
1770
1771
1772
1773
1774
1775
1776
1777
1778
1779
1780
1781
1782
1783
296695
1784
296696
1785
296697
1786
296698
1787
296699
1788
296700
1789
296701
1790
296702
1791
296703
1792
1793
1794
1795
1796
1797
1798
1799
1800
1801
1802
1803
1804
1805
1806
100110
1807
100111
1808
100112
1809
100113
1810
100114
1811
100115
1812
100116
1813
100117
1814
100118
1815
100119
1816
100120
1817
100121
1818
100122
1819
100123
1820
100124
1821
100125
1822
100126
1823
100127
1824
1825
1826
1827
1828
1829
1830
1831
1832
1833
1834
1835
1836
1837
1838
1839
1840
1841
1842
1843
1844
1845
1846
1847
1848
1849
1850
1851
1852
1853
1854
1855
1856
1857
1858
1859
1860
1861
1862
1863
1864
1865
1866
1867
1868
1869
1870
1871
1872
1873
1874
1875
1876
1877
1878
1879
1880
1881
1882
1883
1884
1885
1886
1887
1888
1889
1890
1892
1893
1894
1895
1896
264041
1897
264042
1898
1899
264043
1900
264044
1901
264045
1902
264046
1903
264047
1904
264048
1905
264049
1906
264050
1907
264051
1908
264052
1909
264053
1910
264054
1911
264055
1912
264056
1913
264057
1914
264058
1915
264059
1916
264060
1917
231293
264061
1918
231294
264062
1919
231295
264063
1920
1921
1922
1923
1924
1925
1926
1927
1928
1929
1930
1931
1932
1933
1934
1935
1936
1937
1938
1939
1940
1941
1942
1943
1944
1945
1946
1947
1948
1949
1950
1951
1952
1955
1956
1957
1958
1959
1960
1961
1962
1963
1964
1965
1966
1967
1968
1969
1970
1971
1972
1973
1974
1975
1976
1977
1978
1979
1980
1981
1982
1983
1984
1985
1986
1987
1988
1989
1990
1991
1992
1993
1994
1995
1996
296908
1997
296909
1998
296910
1999
296911
2000
296912
2001
296913
2002
296914
2003
296915
2004
296916
2005
2006
2007
2008
2009
2010
2011
2012
2013
2014
2015
2019
2020
2021
2022
2023
2024
2025
2026
2027
2028
2029
2030
2031
2032
2033
2034
2035
2036
2037
2038
2039
2040
2041
2042
2043
2044
2045
2046
2047
2048
2049
2050
2051
2052
2053
2054
2055
2056
2057
2058
2059
2060
2061
2062
2063
2064
2065
2066
2067
2068
2069
2070
2071
2072
2073
2074
2075
2076
2077
2078
2079
2085
2086
2087
2088
2089
2090
2091
2092
2093
2094
2095
2096
2097
2098
2099
2100
2101
2102
2103
2104
2105
2106
2107
2108
2109
2110
2111
2112
2113
2114
2115
2116
2117
2118
2119
2120
2121
2122
2123
2124
2125
2126
2127
2128
2129
2130
2131
2132
2133
2134
2135
2136
2137
2138
2139
2140
2141
2142
2143
2144
2151
264296
2152
264297
2153
2154
264298
2155
264299
2156
264300
2157
264301
2158
264302
2159
264303
2160
264304
2161
264305
2162
264306
2163
264307
2164
264308
2165
264309
2166
264310
2167
264311
2168
264312
2169
264313
2170
264314
2171
264315
2172
264316
2173
231549
264317
2174
231550
264318
2175
231551
264319
2176
2177
2178
2179
2180
2181
2182
2183
2184
2185
2186
2187
2188
2189
2190
2191
2192
2193
2194
2195
2196
2197
2198
2199
2200
2201
2202
2203
2204
2205
2206
2207
2208
297120
297121
2209
297122
2210
297123
297124
297125
297126
297127
297128
2219
2220
2221
2222
2223
2224
2225
2226
2227
2228
2229
2230
2231
2232
2233
2234
2235
2236
2237
2238
2239
2240
2241
2242
2243
2244
2245
2246
2247
2248
2249
2250
2251
2252
2253
100557
2254
100558
2255
100559
2256
100560
2257
100561
2258
100562
2259
100563
2260
100564
2261
100565
2262
100566
2263
100567
2264
100568
2265
100569
2266
100570
2267
100571
2268
100572
2269
100573
2270
100574
2271
100575
2272
2273
2274
2275
2276
2277
2287
2288
2289
2290
2291
2292
2293
2294
2295
2296
2297
2298
2299
2300
2301
2302
2303
2304
2305
2306
2307
2308
2309
2310
2311
2312
2313
2314
2315
2316
2317
2318
2319
2320
2321
2322
2323
2324
2325
2326
2327
2328
2329
2330
2331
2332
2333
2334
2335
2336
2337
2338
2339
2340
2341
2342
2343
2344
2345
2357
2358
2359
2360
2361
2362
2363
2364
2365
2366
2367
2368
2369
2370
2371
2372
2373
2374
2375
2376
2377
2378
2379
2380
2381
2382
2383
2384
2385
2386
2387
2388
2389
2390
2391
2392
2393
2394
2395
2396
2397
2398
2399
2400
2401
2402
2403
2404
2405
2406
2407
2408
264552
2409
264553
264554
2410
264555
2411
264556
2412
264557
2413
264558
2414
264559
264560
264561
264562
264563
264564
297332
264565
297333
264566
297334
264567
297335
264568
297336
264569
297337
264570
297338
264571
297339
264572
297340
2429
231805
264573
2430
231806
264574
2431
231807
264575
2432
2433
2434
2435
2436
2437
2438
2439
2440
2441
2442
2443
2444
2445
2446
2447
2448
2449
2450
2451
2452
2453
2454
2455
2456
2457
2458
2459
2460
2461
2462
2463
2464
2465
2466
2467
2468
2469
2470
2471
2472
2473
2474
2475
2476
2477
2478
2479
2480
2481
2482
2483
2484
2502
2503
2504
2505
2506
2507
2508
2509
2510
2511
2512
2513
2514
2515
2516
2517
2518
2519
2520
2521
2522
2523
2524
2525
2526
2527
2528
2529
2530
2531
2532
2533
2534
2535
2536
2537
2538
2539
2540
2541
2542
2543
2544
2545
2546
2547
2548
2549
2550
2551
2552
2553
2554
2555
2577
2578
2579
2580
2581
2582
2583
2584
2585
2586
2587
2588
2589
2590
2591
2592
2593
2594
2595
2596
2597
2598
2599
2600
2601
2602
2603
2604
2605
2606
2607
2608
2609
2610
2611
2612
2613
2614
2615
2616
2617
2618
2619
2620
2621
2622
2623
2624
2625
2626
2627
297542
297543
297544
297545
297546
297547
297548
297549
297550
264808
264809
264810
264811
264812
264813
264814
264815
264816
264817
264818
264819
264820
264821
264822
264823
264824
264825
264826
264827
232060
264828
232061
264829
232062
264830
232063
264831
2695
2696
2697
2698
2699
2700
101006
101007
101008
101009
101010
101011
101012
101013
101014
101015
101016
101017
101018
101019
101020
101021
101022
101023
2772
2773
2774
297751
297752
297753
297754
297755
297756
297757
297758
297759
2849
265064
265065
265066
265067
265068
265069
265070
265071
265072
265073
265074
265075
265076
265077
265078
265079
265080
265081
265082
265083
232316
265084
232317
265085
232318
265086
232319
265087
297959
297960
297961
297962
297963
297964
297965
297966
297967
297968
101454
101455
101456
101457
101458
101459
101460
101461
101462
101463
101464
101465
101466
101467
101468
101469
101470
101471
265320
265321
265322
265323
265324
265325
265326
265327
265328
265329
265330
265331
265332
265333
265334
265335
265336
265337
265338
265339
232572
265340
232573
265341
232574
265342
232575
265343
298167
298168
298169
298170
298171
298172
298173
298174
298175
265576
265577
265578
265579
265580
265581
265582
265583
265584
265585
265586
265587
265588
265589
265590
265591
265592
265593
265594
265595
232828
265596
232829
265597
232830
265598
232831
265599
298373
298374
298375
298376
298377
298378
298379
298380
298381
101902
101903
101904
101905
101906
101907
101908
101909
101910
101911
101912
101913
101914
101915
101916
101917
101918
101919
298578
298579
298580
298581
298582
298583
298584
298585
298586
298587
265832
265833
265834
265835
265836
265837
265838
265839
265840
265841
265842
265843
265844
265845
265846
265847
265848
265849
265850
233083
265851
233084
265852
233085
265853
233086
265854
233087
265855
298782
298783
298784
298785
298786
298787
298788
298789
298790
298791
266088
266089
266090
266091
266092
266093
266094
266095
266096
266097
266098
266099
266100
266101
266102
266103
266104
266105
266106
233339
266107
233340
266108
233341
266109
233342
266110
233343
266111
102351
102352
102353
102354
102355
102356
102357
102358
102359
102360
102361
102362
102363
102364
102365
102366
102367
298985
298986
298987
298988
298989
298990
298991
298992
298993
298994
266344
266345
266346
266347
266348
266349
266350
266351
266352
266353
266354
266355
266356
266357
266358
266359
266360
266361
266362
233595
266363
233596
266364
233597
266365
233598
266366
233599
266367
299187
299188
299189
299190
299191
299192
299193
299194
299195
299196
299197
266600
266601
266602
266603
266604
266605
266606
266607
266608
266609
266610
266611
266612
266613
266614
266615
266616
266617
266618
233851
266619
233852
266620
299388
233853
266621
299389
233854
266622
299390
233855
266623
299391
299392
299393
299394
299395
299396
299397
299398
102799
102800
102801
102802
102803
102804
102805
102806
102807
102808
102809
102810
102811
102812
102813
102814
102815
299588
299589
299590
299591
299592
299593
299594
299595
299596
299597
299598
266856
266857
266858
266859
266860
266861
266862
266863
266864
266865
266866
266867
266868
266869
266870
266871
266872
266873
266874
234107
266875
234108
266876
234109
266877
234110
266878
234111
266879
299787
299788
299789
299790
299791
299792
299793
299794
299795
299796
299797
299798
103247
103248
103249
103250
103251
103252
103253
103254
103255
103256
103257
103258
103259
103260
103261
103262
103263
267112
267113
267114
267115
267116
267117
267118
267119
267120
267121
267122
267123
267124
267125
267126
267127
267128
267129
234362
267130
234363
267131
234364
267132
234365
267133
234366
267134
234367
267135
299985
299986
299987
299988
299989
299990
299991
299992
299993
299994
299995
299996
267368
267369
267370
267371
267372
267373
267374
267375
267376
267377
267378
267379
267380
267381
267382
267383
267384
267385
234618
267386
234619
267387
234620
267388
234621
267389
234622
267390
234623
267391
300182
300183
300184
300185
300186
300187
300188
300189
300190
300191
300192
300193
103696
103697
103698
103699
103700
103701
103702
103703
103704
103705
103706
103707
103708
103709
103710
103711
300378
300379
300380
300381
300382
300383
300384
300385
300386
300387
300388
300389
300390
267624
267625
267626
267627
267628
267629
267630
267631
267632
267633
267634
267635
267636
267637
267638
267639
267640
267641
234874
267642
234875
267643
234876
267644
234877
267645
234878
267646
234879
267647
300573
300574
300575
300576
300577
300578
300579
300580
300581
300582
300583
300584
300585
267880
267881
267882
267883
267884
267885
267886
267887
267888
267889
267890
267891
267892
267893
267894
267895
267896
267897
235130
267898
235131
267899
235132
267900
235133
267901
235134
267902
235135
267903
104144
104145
104146
104147
104148
104149
104150
104151
104152
104153
104154
104155
104156
104157
104158
104159
300767
300768
300769
300770
300771
300772
300773
300774
300775
300776
300777
300778
300779
268136
268137
268138
268139
268140
268141
268142
268143
268144
268145
268146
268147
268148
268149
268150
268151
268152
268153
235386
268154
235387
268155
235388
268156
235389
268157
235390
268158
235391
268159
300960
300961
300962
300963
300964
300965
300966
300967
300968
300969
300970
300971
300972
301152
301153
301154
301155
301156
301157
301158
301159
268392
301160
268393
301161
268394
301162
268395
301163
268396
301164
268397
301165
268398
268399
268400
268401
268402
268403
268404
268405
268406
268407
268408
235641
268409
235642
268410
235643
268411
235644
268412
235645
268413
235646
268414
235647
268415
104592
104593
104594
104595
104596
104597
104598
104599
104600
104601
104602
104603
104604
104605
104606
104607
301343
301344
301345
301346
301347
301348
301349
301350
301351
301352
301353
301354
301355
301356
268648
268649
268650
268651
268652
268653
268654
268655
268656
268657
268658
268659
268660
268661
268662
268663
268664
235897
268665
235898
268666
235899
268667
235900
268668
235901
268669
235902
268670
235903
268671
301533
301534
301535
301536
301537
301538
301539
301540
301541
301542
301543
301544
301545
301546
105041
105042
105043
105044
105045
105046
105047
105048
105049
105050
105051
105052
105053
105054
105055
268904
268905
268906
268907
268908
268909
268910
268911
268912
268913
268914
268915
268916
268917
268918
268919
268920
236153
268921
236154
268922
236155
268923
236156
268924
236157
268925
236158
268926
236159
268927
301722
301723
301724
301725
301726
301727
301728
301729
301730
301731
301732
301733
301734
301735
301736
301910
301911
301912
301913
301914
301915
301916
301917
301918
301919
301920
301921
301922
301923
301924
269160
269161
269162
269163
269164
269165
269166
269167
269168
269169
269170
269171
269172
269173
269174
269175
269176
236409
269177
236410
269178
236411
269179
236412
269180
236413
269181
236414
269182
236415
269183
302097
105489
302098
105490
302099
105491
302100
105492
302101
105493
105494
302102
105495
302103
105496
302104
105497
302105
105498
302106
105499
302107
105500
302108
105501
302109
105502
302110
105503
302111
269416
269417
269418
269419
269420
269421
269422
269423
269424
269425
269426
269427
269428
269429
269430
269431
269432
236665
269433
236666
269434
236667
269435
236668
269436
236669
269437
236670
269438
236671
269439
302283
302284
302285
302286
302287
302288
302289
302290
302291
302292
302293
302294
302295
302296
302297
269672
269673
269674
269675
269676
269677
269678
269679
269680
269681
269682
269683
269684
269685
269686
269687
236920
269688
236921
269689
236922
269690
236923
269691
236924
269692
236925
269693
236926
269694
236927
269695
302468
302469
302470
302471
302472
302473
302474
302475
302476
302477
302478
302479
302480
302481
302482
302483
105937
105938
105939
105940
105941
105942
105943
105944
105945
105946
105947
105948
105949
105950
105951
302652
302653
302654
302655
302656
302657
302658
302659
302660
302661
302662
302663
302664
302665
302666
302667
269928
269929
269930
269931
269932
269933
269934
269935
269936
269937
269938
269939
269940
269941
269942
269943
237176
269944
237177
269945
237178
269946
237179
269947
237180
269948
237181
269949
237182
269950
237183
269951
302835
302836
302837
302838
302839
302840
302841
302842
302843
302844
302845
302846
302847
302848
302849
302850
270184
270185
270186
270187
270188
270189
270190
270191
270192
270193
270194
270195
270196
270197
270198
270199
237432
270200
237433
270201
237434
270202
237435
270203
237436
270204
237437
270205
237438
270206
237439
270207
106386
106387
106388
106389
106390
106391
106392
106393
106394
106395
106396
106397
106398
106399
303017
303018
303019
303020
303021
303022
303023
303024
303025
303026
303027
303028
303029
303030
303031
303032
303198
303199
303200
303201
303202
303203
303204
303205
303206
303207
270440
303208
270441
303209
270442
303210
270443
303211
270444
303212
270445
303213
270446
303214
270447
270448
270449
270450
270451
270452
270453
270454
270455
237688
270456
237689
270457
237690
270458
237691
270459
237692
270460
237693
270461
237694
270462
237695
270463
303378
303379
303380
303381
303382
303383
303384
303385
303386
303387
303388
303389
303390
303391
303392
303393
303394
106834
106835
106836
106837
106838
106839
106840
106841
106842
106843
106844
106845
106846
106847
270696
270697
270698
270699
270700
270701
270702
270703
270704
270705
270706
270707
270708
270709
270710
270711
237944
270712
237945
270713
237946
270714
237947
270715
237948
270716
237949
270717
237950
270718
237951
270719
303557
303558
303559
303560
303561
303562
303563
303564
303565
303566
303567
303568
303569
303570
303571
303572
303573
270952
270953
270954
270955
270956
270957
270958
270959
270960
270961
270962
270963
270964
270965
270966
238199
270967
303735
238200
270968
303736
238201
270969
303737
238202
270970
303738
238203
270971
303739
238204
270972
303740
238205
270973
303741
238206
270974
303742
238207
270975
303743
303744
303745
303746
303747
303748
303749
303750
303751
107282
107283
107284
107285
107286
107287
107288
107289
107290
107291
107292
107293
107294
107295
303912
303913
303914
303915
303916
303917
303918
303919
303920
303921
303922
303923
303924
303925
303926
303927
303928
303929
271208
271209
271210
271211
271212
271213
271214
271215
271216
271217
271218
271219
271220
271221
271222
238455
271223
238456
271224
238457
271225
238458
271226
238459
271227
238460
271228
238461
271229
238462
271230
238463
271231
304088
304089
304090
304091
304092
304093
304094
304095
304096
304097
304098
304099
304100
304101
304102
304103
304104
304105
271464
271465
271466
271467
271468
271469
271470
271471
271472
271473
271474
271475
271476
271477
271478
238711
271479
238712
271480
238713
271481
238714
271482
238715
271483
238716
271484
238717
271485
238718
271486
238719
271487
304263
304264
304265
304266
304267
304268
304269
304270
304271
304272
304273
304274
304275
304276
304277
304278
304279
304280
107731
107732
107733
107734
107735
107736
107737
107738
107739
107740
107741
107742
107743
304437
304438
304439
304440
304441
304442
304443
304444
304445
304446
304447
304448
304449
304450
304451
304452
304453
304454
271720
271721
271722
271723
271724
271725
271726
271727
271728
271729
271730
271731
271732
271733
271734
238967
271735
238968
271736
238969
271737
238970
271738
238971
271739
238972
271740
238973
271741
238974
271742
238975
271743
304610
304611
304612
304613
304614
304615
304616
304617
304618
304619
304620
304621
304622
304623
304624
304625
304626
304627
271976
271977
271978
271979
271980
271981
271982
271983
271984
271985
271986
271987
271988
271989
271990
239223
271991
239224
271992
239225
271993
239226
271994
239227
271995
239228
271996
239229
271997
239230
271998
239231
271999
304782
304783
304784
304785
304786
304787
108179
108180
304788
108181
304789
108182
304790
108183
304791
108184
304792
108185
304793
108186
304794
108187
304795
108188
304796
108189
304797
108190
304798
108191
304799
304800
304953
304954
304955
304956
304957
304958
304959
304960
304961
304962
304963
304964
304965
304966
304967
304968
304969
304970
304971
272232
272233
272234
272235
272236
272237
272238
272239
272240
272241
272242
272243
272244
272245
239478
272246
239479
272247
239480
272248
239481
272249
239482
272250
239483
272251
239484
272252
239485
272253
239486
272254
239487
272255
305123
305124
305125
305126
305127
305128
305129
305130
305131
305132
305133
305134
305135
305136
305137
305138
305139
305140
305141
108627
108628
108629
108630
108631
108632
108633
108634
108635
108636
108637
108638
108639
272488
272489
272490
272491
272492
272493
272494
272495
272496
272497
272498
272499
272500
272501
239734
272502
239735
272503
239736
272504
239737
272505
239738
272506
239739
272507
239740
272508
239741
272509
239742
272510
239743
272511
305292
305293
305294
305295
305296
305297
305298
305299
305300
305301
305302
305303
305304
305305
305306
305307
305308
305309
305310
305460
305461
305462
305463
305464
305465
305466
305467
305468
305469
305470
305471
305472
305473
305474
305475
305476
305477
305478
272744
272745
272746
272747
272748
272749
272750
272751
272752
272753
272754
272755
272756
272757
239990
272758
239991
272759
239992
272760
239993
272761
239994
272762
239995
272763
239996
272764
239997
272765
239998
272766
239999
272767
305627
305628
305629
305630
305631
305632
305633
305634
305635
305636
305637
305638
305639
305640
305641
305642
305643
305644
305645
305646
109076
109077
109078
109079
109080
109081
109082
109083
109084
109085
109086
109087
273000
273001
273002
273003
273004
273005
273006
273007
273008
273009
273010
273011
273012
273013
240246
273014
240247
273015
240248
273016
240249
273017
240250
273018
240251
273019
240252
273020
240253
273021
240254
273022
240255
273023
305793
305794
305795
305796
305797
305798
305799
305800
305801
305802
305803
305804
305805
305806
305807
305808
305809
305810
305811
305812
305958
305959
305960
305961
305962
305963
305964
305965
305966
305967
305968
305969
305970
305971
305972
305973
305974
305975
305976
305977
273256
273257
273258
273259
273260
273261
273262
273263
273264
273265
273266
273267
273268
273269
240502
273270
240503
273271
240504
273272
240505
273273
240506
273274
240507
273275
240508
273276
240509
273277
240510
273278
240511
273279
306122
306123
306124
306125
306126
306127
306128
306129
306130
306131
109524
306132
109525
306133
109526
306134
109527
306135
109528
306136
109529
306137
109530
306138
109531
306139
109532
306140
109533
306141
109534
109535
273512
273513
273514
273515
273516
273517
306285
273518
306286
273519
306287
273520
306288
273521
306289
273522
306290
273523
306291
273524
306292
240757
273525
306293
240758
273526
306294
240759
273527
306295
240760
273528
306296
240761
273529
306297
240762
273530
306298
240763
273531
306299
240764
273532
306300
240765
273533
306301
240766
273534
306302
240767
273535
306303
306304
306447
306448
306449
306450
306451
306452
306453
306454
306455
306456
306457
306458
306459
306460
306461
306462
306463
306464
306465
306466
306467
273768
273769
273770
273771
273772
273773
273774
273775
273776
273777
273778
273779
273780
241013
273781
241014
273782
241015
273783
241016
273784
241017
273785
241018
273786
241019
273787
241020
273788
241021
273789
241022
273790
241023
273791
109972
109973
109974
109975
109976
109977
109978
109979
109980
109981
109982
109983
306608
306609
306610
306611
306612
306613
306614
306615
306616
306617
306618
306619
306620
306621
306622
306623
306624
306625
306626
306627
306628
306768
306769
306770
306771
306772
306773
306774
306775
306776
306777
306778
306779
306780
306781
306782
306783
306784
306785
306786
306787
306788
274024
274025
274026
274027
274028
274029
274030
274031
274032
274033
274034
274035
274036
241269
274037
241270
274038
241271
274039
241272
274040
241273
274041
241274
274042
241275
274043
241276
274044
241277
274045
241278
274046
241279
274047
306927
306928
306929
306930
306931
306932
306933
306934
306935
306936
306937
306938
306939
306940
306941
306942
306943
306944
306945
306946
306947
110421
110422
110423
110424
110425
110426
110427
110428
110429
110430
110431
274280
274281
274282
274283
274284
274285
274286
274287
274288
274289
274290
274291
274292
241525
274293
241526
274294
241527
274295
241528
274296
241529
274297
241530
274298
241531
274299
241532
274300
241533
274301
241534
274302
241535
274303
307085
307086
307087
307088
307089
307090
307091
307092
307093
307094
307095
307096
307097
307098
307099
307100
307101
307102
307103
307104
307105
307242
307243
307244
307245
307246
307247
307248
307249
307250
307251
307252
307253
307254
307255
307256
307257
307258
307259
307260
307261
307262
274536
274537
274538
274539
274540
274541
274542
274543
274544
274545
274546
274547
274548
241781
274549
241782
274550
241783
274551
241784
274552
241785
274553
241786
274554
241787
274555
241788
274556
241789
274557
241790
274558
241791
274559
307398
307399
307400
307401
307402
307403
307404
307405
307406
307407
307408
307409
307410
307411
307412
307413
307414
307415
307416
307417
307418
110869
110870
110871
110872
110873
110874
110875
110876
110877
110878
110879
307553
307554
307555
307556
307557
307558
307559
307560
274793
307561
274794
307562
274795
307563
274796
307564
274797
307565
274798
307566
274799
307567
274800
307568
274801
307569
274802
307570
274803
307571
242036
274804
307572
242037
274805
307573
242038
274806
307574
242039
274807
242040
274808
242041
274809
242042
274810
242043
274811
242044
274812
242045
274813
242046
274814
242047
274815
307707
307708
307709
307710
307711
307712
307713
307714
307715
307716
307717
307718
307719
307720
307721
307722
307723
307724
307725
307726
307727
307728
275049
275050
275051
275052
275053
275054
275055
275056
275057
275058
275059
242292
275060
242293
275061
242294
275062
242295
275063
242296
275064
242297
275065
242298
275066
242299
275067
242300
275068
242301
275069
242302
275070
242303
275071
307860
307861
307862
307863
307864
307865
307866
307867
307868
307869
307870
307871
307872
307873
307874
307875
307876
307877
307878
307879
307880
307881
111317
111318
111319
111320
111321
111322
111323
111324
111325
111326
111327
308012
308013
308014
308015
308016
308017
308018
308019
308020
308021
308022
308023
308024
308025
308026
308027
308028
308029
308030
308031
308032
308033
275305
275306
275307
275308
275309
275310
275311
275312
275313
275314
275315
242548
275316
242549
275317
242550
275318
242551
275319
242552
275320
242553
275321
242554
275322
242555
275323
242556
275324
242557
275325
242558
275326
242559
275327
308163
308164
308165
308166
308167
308168
308169
308170
308171
308172
308173
308174
308175
308176
308177
308178
308179
308180
308181
308182
308183
308184
308313
308314
308315
308316
308317
308318
308319
308320
308321
308322
308323
308324
308325
308326
308327
308328
275561
308329
275562
308330
275563
308331
275564
308332
275565
308333
275566
308334
275567
275568
275569
275570
275571
242804
275572
242805
275573
242806
275574
242807
275575
242808
275576
242809
275577
242810
275578
242811
275579
242812
275580
242813
275581
242814
275582
242815
275583
111766
111767
111768
111769
111770
111771
111772
111773
111774
111775
308462
308463
308464
308465
308466
308467
308468
308469
308470
308471
308472
308473
308474
308475
308476
308477
308478
308479
308480
308481
308482
308483
275817
275818
275819
275820
275821
275822
275823
275824
275825
275826
275827
243060
275828
243061
275829
243062
275830
243063
275831
243064
275832
243065
275833
243066
275834
243067
275835
243068
275836
243069
275837
243070
275838
243071
275839
308610
308611
308612
308613
308614
308615
308616
308617
308618
308619
308620
308621
308622
308623
308624
308625
308626
308627
308628
308629
308630
308631
308757
308758
308759
308760
308761
308762
308763
308764
308765
308766
308767
308768
308769
308770
308771
308772
308773
308774
308775
308776
308777
308778
308779
112214
112215
112216
112217
112218
112219
112220
112221
112222
112223
276073
276074
276075
276076
276077
276078
276079
276080
276081
276082
243315
276083
243316
276084
243317
276085
243318
276086
243319
276087
243320
276088
243321
276089
243322
276090
243323
276091
243324
276092
243325
276093
243326
276094
243327
276095
308903
308904
308905
308906
308907
308908
308909
308910
308911
308912
308913
308914
308915
308916
308917
308918
308919
308920
308921
308922
308923
308924
308925
309048
309049
309050
309051
309052
309053
309054
309055
309056
309057
309058
309059
309060
309061
309062
309063
309064
309065
309066
309067
309068
309069
309070
276329
276330
276331
276332
276333
276334
276335
276336
276337
276338
243571
276339
243572
276340
243573
276341
243574
276342
243575
276343
243576
276344
243577
276345
243578
276346
243579
276347
243580
276348
243581
276349
243582
276350
243583
276351
309192
309193
309194
309195
309196
309197
309198
309199
309200
309201
309202
309203
309204
309205
309206
309207
309208
309209
309210
309211
309212
309213
309214
112662
112663
112664
112665
112666
112667
112668
112669
112670
112671
309335
309336
309337
309338
309339
309340
309341
309342
309343
309344
309345
309346
309347
309348
309349
309350
309351
309352
276585
309353
276586
309354
276587
309355
276588
309356
276589
309357
276590
276591
276592
276593
276594
243827
276595
243828
276596
243829
276597
243830
276598
243831
276599
243832
276600
243833
276601
243834
276602
243835
276603
243836
276604
243837
276605
243838
276606
243839
276607
309477
309478
309479
309480
309481
309482
309483
309484
309485
309486
309487
309488
309489
309490
309491
309492
309493
309494
309495
309496
309497
309498
309499
276841
276842
276843
276844
276845
276846
276847
276848
276849
276850
309618
244083
276851
309619
244084
276852
309620
244085
276853
309621
244086
276854
309622
244087
276855
309623
244088
276856
309624
244089
276857
309625
244090
276858
309626
244091
276859
309627
244092
276860
309628
244093
276861
309629
244094
276862
309630
244095
276863
309631
309632
309633
309634
309635
309636
309637
309638
309639
309640
113111
113112
113113
113114
113115
113116
113117
113118
113119
309758
309759
309760
309761
309762
309763
309764
309765
309766
309767
309768
309769
309770
309771
309772
309773
309774
309775
309776
309777
309778
309779
309780
277097
277098
277099
277100
277101
277102
277103
277104
277105
277106
244339
277107
244340
277108
244341
277109
244342
277110
244343
277111
244344
277112
244345
277113
244346
277114
244347
277115
244348
277116
244349
277117
244350
277118
244351
277119
309897
309898
309899
309900
309901
309902
309903
309904
309905
309906
309907
309908
309909
309910
309911
309912
309913
309914
309915
309916
309917
309918
309919
310035
310036
310037
310038
310039
310040
310041
310042
310043
310044
310045
310046
310047
310048
310049
310050
310051
310052
310053
310054
310055
310056
310057
277353
277354
277355
277356
277357
277358
277359
277360
277361
277362
244595
277363
244596
277364
244597
277365
244598
277366
244599
277367
244600
277368
244601
277369
244602
277370
244603
277371
244604
277372
244605
277373
244606
277374
244607
277375
113559
113560
113561
113562
113563
310172
113564
113565
310173
113566
310174
113567
310175
310176
310177
310178
310179
310180
310181
310182
310183
310184
310185
310186
310187
310188
310189
310190
310191
310192
310193
310194
310308
310309
310310
310311
310312
310313
310314
310315
310316
310317
310318
310319
310320
310321
310322
310323
310324
310325
310326
310327
310328
310329
310330
310331
277610
277611
277612
277613
277614
277615
277616
277617
244850
277618
244851
277619
244852
277620
244853
277621
244854
277622
244855
277623
244856
277624
244857
277625
244858
277626
244859
277627
244860
277628
244861
277629
244862
277630
244863
277631
310443
310444
310445
310446
310447
310448
310449
310450
310451
310452
310453
310454
310455
310456
310457
310458
310459
310460
310461
310462
310463
310464
310465
310466
310577
310578
310579
310580
310581
310582
310583
310584
310585
310586
310587
310588
310589
310590
310591
310592
310593
310594
310595
310596
310597
310598
310599
310600
114007
114008
114009
114010
114011
114012
114013
114014
114015
277866
277867
277868
277869
277870
277871
277872
277873
245106
277874
245107
277875
245108
277876
245109
277877
245110
277878
245111
277879
245112
277880
245113
277881
245114
277882
245115
277883
245116
277884
245117
277885
245118
277886
245119
277887
310710
310711
310712
310713
310714
310715
310716
310717
310718
310719
310720
310721
310722
310723
310724
310725
310726
310727
310728
310729
310730
310731
310732
310733
310842
310843
310844
310845
310846
310847
310848
310849
310850
310851
310852
310853
310854
310855
310856
310857
310858
310859
310860
310861
310862
310863
310864
310865
278122
278123
278124
278125
278126
278127
278128
278129
245362
278130
245363
278131
245364
278132
245365
278133
245366
278134
245367
278135
245368
278136
245369
278137
245370
278138
245371
278139
245372
278140
245373
278141
245374
278142
245375
278143
310973
310974
310975
310976
310977
310978
310979
310980
310981
310982
310983
310984
310985
310986
310987
310988
310989
310990
310991
310992
310993
310994
310995
310996
114456
114457
114458
114459
114460
114461
114462
114463
311103
311104
311105
311106
311107
311108
311109
311110
311111
311112
311113
311114
311115
311116
311117
311118
311119
311120
311121
311122
311123
311124
311125
311126
278378
278379
278380
278381
278382
278383
278384
278385
245618
278386
245619
278387
245620
278388
245621
278389
245622
278390
245623
278391
245624
278392
245625
278393
245626
278394
245627
278395
245628
278396
245629
278397
245630
278398
245631
278399
311232
311233
311234
311235
311236
311237
311238
311239
311240
311241
311242
311243
311244
311245
311246
311247
311248
311249
311250
311251
311252
311253
311254
311255
311360
311361
311362
311363
311364
311365
311366
311367
311368
311369
311370
311371
311372
311373
311374
311375
311376
311377
311378
311379
311380
311381
311382
311383
278634
278635
278636
278637
278638
278639
278640
278641
245874
278642
245875
278643
245876
278644
245877
278645
245878
278646
245879
278647
245880
278648
245881
278649
245882
278650
245883
278651
245884
278652
245885
278653
245886
278654
245887
278655
311487
311488
311489
311490
311491
311492
311493
311494
311495
311496
311497
311498
311499
311500
311501
311502
311503
311504
311505
311506
311507
311508
311509
311510
114904
114905
114906
114907
114908
114909
114910
114911
311613
311614
311615
311616
311617
311618
311619
311620
311621
311622
311623
311624
311625
311626
311627
311628
311629
311630
311631
311632
311633
311634
311635
311636
278890
278891
278892
278893
278894
278895
278896
246129
278897
246130
278898
246131
278899
246132
278900
246133
278901
246134
278902
246135
278903
246136
278904
246137
278905
246138
278906
246139
278907
246140
278908
246141
278909
246142
278910
246143
278911
311738
311739
311740
311741
311742
311743
311744
311745
311746
311747
311748
311749
311750
311751
311752
311753
311754
311755
311756
311757
311758
311759
311760
311761
311862
311863
311864
311865
311866
311867
311868
311869
311870
311871
311872
311873
311874
311875
311876
311877
311878
311879
311880
311881
311882
311883
311884
311885
279146
279147
279148
279149
279150
279151
279152
246385
279153
246386
279154
246387
279155
246388
279156
246389
279157
246390
279158
246391
279159
246392
279160
246393
279161
246394
279162
246395
279163
246396
279164
246397
279165
246398
279166
246399
279167
115352
115353
115354
115355
115356
115357
115358
115359
311985
311986
311987
311988
311989
311990
311991
311992
311993
311994
311995
311996
311997
311998
311999
312000
312001
312002
312003
312004
312005
312006
312007
312008
312107
312108
312109
312110
312111
312112
312113
312114
312115
312116
312117
312118
312119
312120
312121
312122
312123
312124
312125
312126
312127
312128
312129
312130
279402
279403
279404
279405
279406
279407
279408
246641
279409
246642
279410
246643
279411
246644
279412
246645
279413
246646
279414
246647
279415
246648
279416
246649
279417
246650
279418
246651
279419
246652
279420
246653
279421
246654
279422
246655
279423
312228
312229
312230
312231
312232
312233
312234
312235
312236
312237
312238
312239
312240
312241
312242
312243
312244
312245
312246
312247
312248
312249
312250
312251
312348
312349
312350
312351
312352
312353
312354
312355
312356
312357
312358
312359
312360
312361
312362
312363
312364
312365
312366
312367
312368
312369
312370
312371
115801
115802
115803
115804
115805
115806
115807
279659
279660
279661
279662
279663
279664
246897
279665
246898
279666
246899
279667
246900
279668
246901
279669
246902
279670
246903
279671
246904
279672
246905
279673
246906
279674
246907
279675
246908
279676
246909
279677
246910
279678
246911
279679
312467
312468
312469
312470
312471
312472
312473
312474
312475
312476
312477
312478
312479
312480
312481
312482
312483
312484
312485
312486
312487
312488
312489
312490
312585
312586
312587
312588
312589
312590
312591
312592
312593
312594
312595
312596
312597
312598
312599
312600
312601
312602
312603
312604
312605
312606
312607
312608
279915
279916
279917
279918
279919
279920
247153
279921
247154
279922
247155
279923
247156
279924
247157
279925
247158
279926
247159
279927
247160
279928
247161
279929
247162
279930
247163
279931
247164
279932
247165
279933
247166
279934
312702
247167
279935
312703
312704
312705
312706
312707
312708
312709
312710
312711
312712
312713
312714
312715
312716
312717
312718
312719
312720
312721
312722
312723
312724
312725
312818
312819
312820
312821
312822
312823
312824
312825
312826
312827
312828
312829
312830
312831
312832
312833
312834
312835
312836
312837
312838
312839
312840
312841
116249
116250
116251
116252
116253
116254
116255
312933
312934
312935
312936
312937
312938
280171
312939
280172
312940
280173
312941
280174
312942
280175
312943
280176
312944
247409
280177
312945
247410
280178
312946
247411
280179
312947
247412
280180
312948
247413
280181
312949
247414
280182
312950
247415
280183
312951
247416
280184
312952
247417
280185
312953
247418
280186
312954
247419
280187
312955
247420
280188
312956
247421
280189
247422
280190
247423
280191
313047
313048
313049
313050
313051
313052
313053
313054
313055
313056
313057
313058
313059
313060
313061
313062
313063
313064
313065
313066
313067
313068
313069
313070
313160
313161
313162
313163
313164
313165
313166
313167
313168
313169
313170
313171
313172
313173
313174
313175
313176
313177
313178
313179
313180
313181
313182
313183
280427
280428
280429
280430
280431
247664
280432
247665
280433
247666
280434
247667
280435
247668
280436
247669
280437
247670
280438
247671
280439
247672
280440
247673
280441
247674
280442
247675
280443
247676
280444
247677
280445
247678
280446
247679
280447
313272
313273
313274
313275
313276
313277
313278
313279
313280
313281
313282
313283
313284
313285
313286
313287
313288
313289
313290
313291
313292
313293
313294
313295
116697
116698
116699
116700
116701
116702
116703
313383
313384
313385
313386
313387
313388
313389
313390
313391
313392
313393
313394
313395
313396
313397
313398
313399
313400
313401
313402
313403
313404
313405
313406
280683
280684
280685
280686
280687
247920
280688
247921
280689
247922
280690
247923
280691
247924
280692
247925
280693
247926
280694
247927
280695
247928
280696
247929
280697
247930
280698
247931
280699
247932
280700
247933
280701
247934
280702
247935
280703
313493
313494
313495
313496
313497
313498
313499
313500
313501
313502
313503
313504
313505
313506
313507
313508
313509
313510
313511
313512
313513
313514
313515
313516
313602
313603
313604
313605
313606
313607
313608
313609
313610
313611
313612
313613
313614
313615
313616
313617
313618
313619
313620
313621
313622
313623
313624
313625
280939
280940
280941
280942
313710
280943
313711
248176
280944
313712
248177
280945
313713
248178
280946
313714
248179
280947
313715
248180
280948
313716
248181
280949
313717
248182
280950
313718
248183
280951
313719
248184
280952
313720
248185
280953
313721
248186
280954
313722
248187
280955
313723
248188
280956
313724
248189
280957
313725
248190
280958
313726
248191
280959
313727
313728
313729
313730
313731
313732
313733
117146
117147
117148
117149
117150
117151
313817
313818
313819
313820
313821
313822
313823
313824
313825
313826
313827
313828
313829
313830
313831
313832
313833
313834
313835
313836
313837
313838
313839
313840
313923
313924
313925
313926
313927
313928
313929
313930
313931
313932
313933
313934
313935
313936
313937
313938
313939
313940
313941
313942
313943
313944
313945
313946
281196
281197
281198
281199
248432
281200
248433
281201
248434
281202
248435
281203
248436
281204
248437
281205
248438
281206
248439
281207
248440
281208
248441
281209
248442
281210
248443
281211
248444
281212
248445
281213
248446
281214
248447
281215
314028
314029
314030
314031
314032
314033
314034
314035
314036
314037
314038
314039
314040
314041
314042
314043
314044
314045
314046
314047
314048
314049
314050
314051
314132
314133
314134
314135
314136
314137
314138
314139
314140
314141
314142
314143
314144
314145
314146
314147
314148
314149
314150
314151
314152
314153
314154
314155
117594
117595
117596
117597
117598
117599
281452
281453
281454
281455
248688
281456
248689
281457
248690
281458
248691
281459
248692
281460
248693
281461
248694
281462
248695
281463
248696
281464
248697
281465
248698
281466
248699
281467
314235
248700
281468
314236
248701
281469
314237
248702
281470
314238
248703
281471
314239
314240
314241
314242
314243
314244
314245
314246
314247
314248
314249
314250
314251
314252
314253
314254
314255
314256
314257
314258
314337
314338
314339
314340
314341
314342
314343
314344
314345
314346
314347
314348
314349
314350
314351
314352
314353
314354
314355
314356
314357
314358
314359
314360
314438
314439
314440
314441
314442
314443
314444
314445
314446
314447
314448
314449
314450
314451
314452
314453
314454
314455
314456
314457
314458
314459
314460
314461
281708
281709
281710
281711
248944
281712
248945
281713
248946
281714
248947
281715
248948
281716
248949
281717
248950
281718
248951
281719
248952
281720
248953
281721
248954
281722
248955
281723
248956
281724
248957
281725
248958
281726
248959
281727
314538
314539
314540
314541
314542
314543
314544
314545
314546
314547
314548
314549
314550
314551
314552
314553
314554
314555
314556
314557
314558
314559
314560
314561
314637
314638
314639
314640
314641
314642
314643
314644
314645
314646
314647
314648
314649
118042
314650
118043
314651
118044
314652
118045
314653
118046
314654
118047
314655
314656
314657
314658
314659
314660
281964
281965
281966
249199
281967
314735
249200
281968
314736
249201
281969
314737
249202
281970
314738
249203
281971
314739
249204
281972
314740
249205
281973
314741
249206
281974
314742
249207
281975
314743
249208
281976
314744
249209
281977
314745
249210
281978
314746
249211
281979
314747
249212
281980
314748
249213
281981
314749
249214
281982
314750
249215
281983
314751
314752
314753
314754
314755
314756
314757
314758
314832
314833
314834
314835
314836
314837
314838
314839
314840
314841
314842
314843
314844
314845
314846
314847
314848
314849
314850
314851
314852
314853
314854
314855
314928
314929
314930
314931
314932
314933
314934
314935
314936
314937
314938
314939
314940
314941
314942
314943
314944
314945
314946
314947
314948
314949
314950
314951
282220
282221
282222
249455
282223
249456
282224
249457
282225
249458
282226
249459
282227
249460
282228
249461
282229
249462
282230
249463
282231
249464
282232
249465
282233
249466
282234
249467
282235
249468
282236
249469
282237
249470
282238
249471
282239
315023
315024
315025
315026
315027
315028
315029
315030
315031
315032
315033
315034
315035
315036
315037
315038
315039
315040
315041
315042
315043
315044
315045
118491
118492
118493
118494
118495
315117
315118
315119
315120
315121
315122
315123
315124
315125
315126
315127
315128
315129
315130
315131
315132
315133
315134
315135
315136
315137
315138
315139
315210
315211
315212
315213
315214
315215
315216
315217
315218
315219
315220
315221
315222
315223
315224
315225
315226
315227
315228
315229
315230
315231
315232
282476
282477
282478
249711
282479
249712
282480
249713
282481
249714
282482
249715
282483
249716
282484
249717
282485
249718
282486
249719
282487
249720
282488
249721
282489
249722
282490
249723
282491
249724
282492
249725
282493
249726
282494
249727
282495
315302
315303
315304
315305
315306
315307
315308
315309
315310
315311
315312
315313
315314
315315
315316
315317
315318
315319
315320
315321
315322
315323
315324
315393
315394
315395
315396
315397
315398
315399
315400
315401
315402
315403
315404
315405
315406
315407
315408
315409
315410
315411
315412
315413
315414
315415
315483
315484
315485
315486
315487
315488
315489
315490
315491
315492
315493
315494
315495
315496
315497
315498
315499
315500
282733
315501
282734
315502
249967
282735
315503
249968
282736
315504
249969
282737
315505
249970
282738
249971
282739
249972
282740
249973
282741
249974
282742
249975
282743
249976
282744
249977
282745
249978
282746
249979
282747
249980
282748
249981
282749
249982
282750
249983
282751
118939
118940
118941
118942
118943
315572
315573
315574
315575
315576
315577
315578
315579
315580
315581
315582
315583
315584
315585
315586
315587
315588
315589
315590
315591
315592
315593
315594
315660
315661
315662
315663
315664
315665
315666
315667
315668
315669
315670
315671
315672
315673
315674
315675
315676
315677
315678
315679
315680
315681
315682
315747
315748
315749
315750
315751
315752
315753
315754
315755
315756
282989
315757
282990
315758
250223
282991
315759
250224
282992
315760
250225
282993
315761
250226
282994
315762
250227
282995
315763
250228
282996
315764
250229
282997
315765
250230
282998
315766
250231
282999
315767
250232
283000
315768
250233
283001
315769
250234
283002
250235
283003
250236
283004
250237
283005
250238
283006
250239
283007
315833
315834
315835
315836
315837
315838
315839
315840
315841
315842
315843
315844
315845
315846
315847
315848
315849
315850
315851
315852
315853
315854
315855
315918
315919
315920
315921
315922
315923
315924
315925
315926
315927
315928
315929
315930
315931
315932
315933
315934
315935
315936
315937
315938
315939
315940
119387
119388
119389
119390
119391
316002
316003
316004
316005
316006
316007
316008
316009
316010
316011
316012
283245
316013
283246
316014
250479
283247
316015
250480
283248
316016
250481
283249
316017
250482
283250
316018
250483
283251
316019
250484
283252
316020
250485
283253
316021
250486
283254
316022
250487
283255
316023
250488
283256
316024
250489
283257
250490
283258
250491
283259
250492
283260
250493
283261
250494
283262
250495
283263
316085
316086
316087
316088
316089
316090
316091
316092
316093
316094
316095
316096
316097
316098
316099
316100
316101
316102
316103
316104
316105
316106
316107
316167
316168
316169
316170
316171
316172
316173
316174
316175
316176
316177
316178
316179
316180
316181
316182
316183
316184
316185
316186
316187
316188
316248
316249
316250
316251
316252
316253
316254
316255
316256
316257
316258
316259
316260
316261
316262
316263
316264
316265
316266
316267
316268
283501
316269
250734
283502
250735
283503
250736
283504
250737
283505
250738
283506
250739
283507
250740
283508
250741
283509
250742
283510
250743
283511
250744
283512
250745
283513
250746
283514
250747
283515
250748
283516
250749
283517
250750
283518
250751
283519
316328
316329
316330
316331
316332
316333
316334
316335
316336
316337
316338
316339
316340
316341
316342
316343
316344
316345
316346
316347
316348
316349
316407
316408
316409
316410
316411
316412
316413
316414
316415
316416
316417
316418
316419
316420
316421
316422
316423
316424
316425
316426
316427
316428
119836
119837
119838
119839
316485
316486
316487
316488
316489
316490
316491
316492
316493
316494
316495
316496
316497
316498
316499
316500
316501
316502
316503
316504
316505
316506
283757
250990
283758
250991
283759
250992
283760
250993
283761
250994
283762
250995
283763
250996
283764
250997
283765
250998
283766
250999
283767
251000
283768
251001
283769
251002
283770
251003
283771
251004
283772
251005
283773
251006
283774
251007
283775
316562
316563
316564
316565
316566
316567
316568
316569
316570
316571
316572
316573
316574
316575
316576
316577
316578
316579
316580
316581
316582
316583
316638
316639
316640
316641
316642
316643
316644
316645
316646
316647
316648
316649
316650
316651
316652
316653
316654
316655
316656
316657
316658
316659
316713
316714
316715
316716
316717
316718
316719
316720
316721
316722
316723
316724
316725
316726
316727
316728
316729
316730
316731
316732
316733
316734
251246
284014
251247
284015
251248
284016
251249
284017
251250
284018
251251
284019
316787
251252
284020
316788
251253
284021
316789
251254
284022
316790
251255
284023
316791
251256
284024
316792
251257
284025
316793
251258
284026
316794
251259
284027
316795
251260
284028
316796
251261
284029
316797
251262
284030
316798
251263
284031
316799
316800
316801
316802
316803
316804
316805
316806
316807
316808
316860
316861
316862
316863
316864
316865
316866
316867
316868
316869
316870
316871
316872
316873
316874
316875
316876
316877
316878
316879
316880
316881
120284
120285
120286
120287
316932
316933
316934
316935
316936
316937
316938
316939
316940
316941
316942
316943
316944
316945
316946
316947
316948
316949
316950
316951
316952
317003
317004
317005
317006
317007
317008
317009
317010
317011
317012
317013
317014
317015
317016
317017
317018
317019
317020
317021
317022
317023
251502
284270
251503
284271
251504
284272
251505
284273
251506
284274
251507
284275
251508
284276
251509
284277
251510
284278
251511
284279
251512
284280
251513
284281
251514
284282
251515
284283
251516
284284
251517
284285
251518
284286
251519
284287
317073
317074
317075
317076
317077
317078
317079
317080
317081
317082
317083
317084
317085
317086
317087
317088
317089
317090
317091
317092
317093
317142
317143
317144
317145
317146
317147
317148
317149
317150
317151
317152
317153
317154
317155
317156
317157
317158
317159
317160
317161
317162
317210
317211
317212
317213
317214
317215
317216
317217
317218
317219
317220
317221
317222
317223
317224
317225
317226
317227
317228
317229
317230
317277
317278
317279
317280
317281
317282
317283
317284
317285
317286
317287
317288
317289
317290
317291
317292
317293
251758
284526
317294
251759
284527
317295
251760
284528
317296
251761
284529
317297
251762
284530
251763
284531
251764
284532
251765
284533
251766
284534
251767
284535
251768
284536
251769
284537
251770
284538
251771
284539
251772
284540
251773
284541
251774
284542
251775
284543
120732
120733
120734
120735
317343
317344
317345
317346
317347
317348
317349
317350
317351
317352
317353
317354
317355
317356
317357
317358
317359
317360
317361
317362
317363
317408
317409
317410
317411
317412
317413
317414
317415
317416
317417
317418
317419
317420
317421
317422
317423
317424
317425
317426
317427
317428
317472
317473
317474
317475
317476
317477
317478
317479
317480
317481
317482
317483
317484
317485
317486
317487
317488
317489
317490
317491
317535
317536
317537
317538
317539
317540
317541
317542
317543
317544
317545
317546
317547
317548
317549
252014
284782
317550
252015
284783
317551
252016
284784
317552
252017
284785
317553
252018
284786
317554
252019
284787
252020
284788
252021
284789
252022
284790
252023
284791
252024
284792
252025
284793
252026
284794
252027
284795
252028
284796
252029
284797
252030
284798
252031
284799
317597
317598
317599
317600
317601
317602
317603
317604
317605
317606
317607
317608
317609
317610
317611
317612
317613
317614
317615
317616
317658
317659
317660
317661
317662
317663
317664
317665
317666
317667
317668
317669
317670
317671
317672
317673
317674
317675
317676
317677
317718
317719
317720
317721
317722
317723
317724
317725
317726
317727
317728
317729
317730
317731
317732
317733
317734
317735
317736
317737
317777
317778
317779
317780
317781
317782
317783
317784
317785
317786
317787
317788
121181
317789
121182
317790
121183
317791
317792
317793
317794
317795
317796
252270
252271
285039
252272
285040
252273
285041
252274
285042
252275
285043
252276
285044
252277
285045
252278
285046
252279
285047
252280
285048
252281
285049
252282
285050
252283
285051
252284
285052
252285
285053
252286
285054
252287
285055
317835
317836
317837
317838
317839
317840
317841
317842
317843
317844
317845
317846
317847
317848
317849
317850
317851
317852
317853
317854
317892
317893
317894
317895
317896
317897
317898
317899
317900
317901
317902
317903
317904
317905
317906
317907
317908
317909
317910
317911
317948
317949
317950
317951
317952
317953
317954
317955
317956
317957
317958
317959
317960
317961
317962
317963
317964
317965
317966
318003
318004
318005
318006
318007
318008
318009
318010
318011
318012
318013
318014
318015
318016
318017
318018
318019
318020
318021
318057
318058
318059
318060
252525
318061
252526
318062
252527
285295
318063
252528
285296
318064
252529
285297
318065
252530
285298
318066
252531
285299
318067
252532
285300
318068
252533
285301
318069
252534
285302
318070
252535
285303
318071
252536
285304
318072
252537
285305
318073
252538
285306
318074
252539
285307
318075
252540
285308
252541
285309
252542
285310
252543
285311
318110
318111
318112
318113
318114
318115
318116
318117
318118
318119
318120
318121
318122
318123
318124
318125
318126
318127
318128
318162
318163
318164
318165
318166
318167
318168
318169
318170
318171
318172
318173
318174
318175
318176
318177
318178
318179
318180
88830
318213
318214
318215
318216
318217
318218
318219
318220
318221
318222
318223
318224
318225
318226
318227
318228
318229
318230
318231
121629
121630
121631
318263
318264
318265
318266
318267
318268
318269
318270
318271
318272
318273
318274
318275
318276
318277
318278
318279
318280
318281
318311
318312
318313
318314
318315
318316
252781
318317
252782
318318
252783
285551
318319
252784
285552
318320
252785
285553
318321
252786
285554
318322
252787
285555
318323
252788
285556
318324
252789
285557
318325
252790
285558
318326
252791
285559
318327
252792
285560
318328
252793
285561
318329
252794
285562
252795
285563
252796
285564
252797
285565
252798
285566
252799
285567
318359
318360
318361
318362
318363
318364
318365
318366
318367
318368
318369
318370
318371
318372
318373
318374
318375
318376
318377
318405
318406
318407
318408
318409
318410
318411
318412
318413
318414
318415
318416
318417
318418
318419
318420
318421
318422
318423
318424
318450
318451
318452
318453
318454
318455
318456
318457
318458
318459
318460
318461
318462
318463
318464
318465
318466
318467
318468
318469
318470
318495
318496
318497
318498
318499
318500
318501
318502
318503
318504
318505
318506
318507
318508
318509
318510
318511
318512
318513
318514
318515
318538
318539
318540
318541
318542
318543
318544
318545
318546
318547
318548
318549
318550
318551
318552
318553
318554
318555
318556
318557
318558
318559
253037
253038
253039
285807
253040
285808
253041
285809
253042
285810
253043
285811
253044
285812
253045
318581
285813
253046
318582
285814
253047
318583
285815
253048
318584
285816
253049
285817
318585
253050
285818
318586
253051
285819
318587
253052
285820
318588
253053
285821
318589
253054
285822
318590
253055
285823
318591
318592
318593
318594
318595
318596
318597
318598
318599
318600
318601
318622
318623
318624
318625
318626
318627
89251
318628
89252
318629
318630
318631
318632
318633
318634
318635
318636
318637
318638
318639
318640
318641
318642
318643
318663
318664
318665
318666
318667
318668
318669
318670
318671
318672
318673
318674
318675
318676
318677
318678
318679
318680
318681
318682
318683
318684
122077
122078
122079
318702
318703
318704
318705
318706
318707
318708
318709
318710
318711
318712
318713
318714
318715
318716
318717
318718
318719
318720
318721
318722
318723
318724
318740
318741
318742
318743
318744
318745
318746
318747
318748
318749
318750
318751
318752
318753
318754
318755
318756
318757
318758
318759
318760
318761
318762
318763
318778
318779
318780
318781
318782
318783
318784
318785
318786
318787
318788
318789
318790
318791
318792
318793
318794
318795
318796
318797
318798
318799
318800
318801
318814
318815
318816
318817
318818
318819
318820
318821
318822
318823
318824
318825
318826
318827
318828
253293
318829
253294
318830
253295
286063
318831
253296
286064
318832
253297
286065
318833
253298
286066
318834
253299
286067
318835
253300
286068
318836
253301
286069
318837
253302
286070
318838
253303
286071
253304
286072
253305
286073
253306
286074
253307
286075
253308
286076
253309
286077
253310
286078
253311
286079
318850
318851
318852
318853
318854
318855
318856
318857
318858
318859
318860
318861
318862
318863
318864
318865
318866
318867
318868
318869
318870
318871
318872
318873
318884
318885
318886
318887
318888
318889
318890
318891
318892
318893
318894
318895
318896
318897
318898
318899
318900
318901
318902
318903
318904
318905
318906
318907
318908
318917
318918
318919
318920
318921
318922
318923
318924
318925
318926
318927
318928
318929
318930
318931
318932
318933
318934
318935
318936
318937
318938
318939
318940
318941
318942
318949
318950
318951
318952
318953
318954
318955
318956
318957
318958
318959
318960
318961
318962
318963
318964
318965
318966
318967
318968
318969
318970
318971
318972
318973
318974
318975
318980
318981
318982
318983
318984
318985
318986
318987
318988
318989
318990
318991
318992
318993
318994
318995
318996
318997
318998
318999
319000
319001
319002
319003
319004
319005
319006
319007
319010
319011
319012
319013
319014
319015
319016
319017
319018
319019
319020
319021
319022
319023
319024
319025
319026
319027
319028
319029
319030
319031
319032
319033
319034
319035
319036
319037
319038
319039
319040
319041
319042
319043
319044
319045
319046
319047
319048
319049
319050
89674
319051
89675
319052
319053
319054
319055
319056
319057
319058
319059
319060
319061
319062
319063
319064
319065
319066
319067
319068
319069
319070
319071
319072
319073
319074
319075
319076
319077
319078
319079
319080
319081
319082
319083
319084
253549
319085
253550
319086
253551
319087
253552
286320
319088
253553
286321
319089
253554
286322
319090
253555
286323
319091
253556
286324
319092
253557
286325
319093
253558
319094
286326
253559
319095
286327
253560
319096
286328
253561
319097
286329
253562
319098
286330
253563
319099
286331
253564
319100
286332
253565
319101
286333
253566
319102
286334
253567
319103
286335
319104
319105
319106
319107
319108
319109
319110
319111
319112
319113
319114
319115
319116
319117
319118
319119
319120
319121
319122
319123
319124
319125
319126
319127
319128
319129
319130
319131
319132
319133
319134
122526
319135
122527
319136
319137
319138
319139
319140
319141
319142
319143
319144
319145
319146
319147
319148
319149
319150
319151
319152
319153
319154
319155
319156
319157
319158
319159
319160
319161
319162
319163
319164
319165
319166
319167
319168
319169
319170
319171
319172
319173
319174
319175
319176
319177
319178
319179
319180
319181
319182
319183
319184
319185
319186
319187
319188
319189
319190
319191
319192
319193
319194
319195
319196
319197
319198
319199
319200
319201
319202
319203
319204
319205
319206
319207
319208
319209
319210
319211
319212
319213
319214
319215
319216
319217
319218
319219
319220
319221
319222
319223
319224
319225
319226
319227
319228
319229
319230
319231
319232
319233
319234
319235
319236
319237
319238
319239
319240
319241
319242
319243
319244
319245
319246
319247
319248
319249
319250
319251
319252
319253
319254
319255
319256
319257
319258
319259
319260
319261
319262
319263
319264
319265
319266
319267
319268
319269
319270
319271
319272
319273
319274
319275
319276
319277
319278
319279
319280
319281
319282
319283
319284
319285
319286
319287
319288
319289
319290
319291
319292
319293
319294
319295
319296
319297
319298
319299
319300
319301
319302
319303
319304
319305
319306
319307
319308
319309
319310
319311
319312
319313
319314
319315
319316
319317
319318
319319
319320
319321
319322
319323
319324
319325
319326
319327
319328
319329
319330
319331
319332
319333
319334
319335
319336
319337
319338
319339
319340
253805
319341
253806
319342
253807
319343
253808
286576
319344
253809
319345
286577
253810
319346
286578
253811
319347
286579
253812
319348
286580
253813
319349
286581
253814
319350
286582
253815
319351
286583
253816
319352
286584
253817
319353
286585
253818
319354
286586
253819
319355
286587
253820
319356
286588
253821
319357
286589
253822
319358
286590
253823
319359
286591
319360
319361
319362
319363
319364
319365
319366
319367
319368
319369
319370
319371
319372
319373
319374
319375
319376
319377
319378
319379
319380
319381
319382
319383
319384
319385
319386
319387
319388
319389
319390
319391
319392
319393
319394
319395
319396
319397
319398
319399
319400
319401
319402
319403
319404
319405
319406
319407
319408
319409
319410
319411
319412
319413
319414
319415
319416
319417
319418
319419
319420
319421
319422
319423
319424
319425
319426
319427
319428
319429
319430
319431
319432
319433
319434
319435
319436
319437
319438
319439
319440
319441
319442
319443
319444
319445
319446
319447
319448
319449
319450
319451
319452
319453
319454
319455
319456
319457
319458
319459
319460
319461
319462
319463
319464
319465
319466
319467
319468
319469
319470
319471
319472
319473
90097
319474
90098
319475
90099
319476
319477
319478
319479
319480
319481
319482
319483
319484
319485
319486
319487
122974
122975
254061
254062
254063
254064
286832
254065
286833
254066
286834
254067
286835
254068
286836
254069
286837
254070
286838
254071
286839
254072
286840
254073
286841
254074
286842
254075
286843
254076
286844
254077
286845
254078
286846
254079
286847
254316
254317
254318
254319
254320
287088
254321
287089
254322
287090
254323
287091
254324
287092
254325
287093
254326
287094
254327
287095
254328
287096
254329
287097
254330
287098
254331
287099
254332
287100
254333
287101
254334
287102
254335
90521
90522
90523
90524
123422
123423
254572
254573
254574
254575
287343
254576
287344
254577
287345
254578
287346
254579
287347
254580
287348
254581
287349
254582
287350
254583
287351
254584
287352
254585
287353
254586
287354
254587
287355
254588
287356
254589
254590
254591
90947
90948
90949
90950
254828
287596
254829
287597
254830
287598
254831
287599
254832
287600
254833
287601
254834
287602
254835
287603
254836
287604
254837
287605
254838
287606
254839
287607
254840
287608
254841
287609
254842
254843
254844
254845
254846
254847
123871
287849
287850
287851
255084
287852
255085
287853
255086
287854
255087
287855
255088
287856
255089
287857
255090
287858
255091
287859
255092
287860
255093
287861
255094
255095
255096
255097
255098
255099
255100
255101
255102
255103
91373
91374
91375
91376
91377
288100
288101
288102
288103
288104
288105
288106
288107
255340
288108
255341
288109
255342
288110
255343
288111
255344
288112
255345
255346
255347
255348
255349
255350
255351
255352
255353
255354
255355
255356
255357
255358
255359
124319
288350
288351
288352
288353
288354
288355
288356
288357
288358
288359
288360
288361
288362
255596
255597
255598
255599
255600
255601
255602
255603
255604
255605
255606
255607
255608
255609
255610
255611
255612
255613
255614
255615
91801
91802
91803
91804
91805
288600
288601
288602
288603
288604
288605
288606
288607
124767
288608
288609
288610
288611
255852
255853
255854
255855
255856
255857
255858
255859
255860
255861
255862
255863
255864
255865
255866
255867
255868
255869
255870
255871
92229
92230
92231
92232
92233
92234
288848
288849
288850
288851
288852
288853
288854
288855
288856
288857
288858
288859
256107
256108
256109
256110
256111
256112
256113
256114
256115
256116
256117
256118
256119
256120
256121
256122
256123
256124
256125
256126
256127
289095
289096
289097
289098
289099
289100
289101
289102
289103
289104
289105
289106
256363
256364
256365
256366
256367
256368
256369
256370
256371
256372
256373
256374
256375
256376
256377
256378
256379
256380
256381
256382
256383
92658
92659
92660
92661
92662
92663
92664
289342
289343
289344
289345
289346
289347
289348
289349
289350
289351
289352
256619
256620
256621
256622
256623
256624
256625
256626
256627
256628
256629
256630
256631
256632
256633
256634
256635
256636
256637
256638
256639
289587
289588
289589
289590
289591
289592
289593
289594
289595
289596
289597
256875
256876
256877
256878
256879
256880
256881
256882
256883
256884
256885
256886
256887
256888
256889
256890
256891
256892
256893
256894
256895
93089
93090
93091
93092
93093
93094
93095
289831
289832
289833
289834
289835
289836
289837
289838
289839
289840
289841
257131
257132
257133
257134
257135
257136
257137
257138
257139
257140
257141
257142
257143
257144
257145
257146
257147
257148
257149
257150
257151
290075
290076
290077
290078
290079
290080
290081
290082
290083
290084
93520
93521
93522
93523
93524
93525
93526
93527
257387
257388
257389
257390
257391
257392
257393
257394
257395
257396
257397
257398
257399
257400
257401
257402
257403
257404
257405
257406
257407
290317
290318
290319
290320
290321
290322
290323
290324
290325
290326
257643
257644
257645
257646
257647
257648
257649
257650
257651
257652
257653
257654
257655
257656
257657
257658
257659
257660
257661
257662
257663
290558
290559
290560
93952
290561
93953
290562
93954
290563
93955
290564
93956
290565
93957
290566
93958
290567
93959
93960
257899
257900
257901
257902
257903
257904
257905
257906
257907
257908
257909
257910
257911
257912
257913
257914
257915
257916
257917
257918
257919
290799
290800
290801
290802
290803
290804
290805
290806
290807
258155
258156
258157
258158
258159
258160
258161
258162
258163
258164
258165
258166
258167
258168
258169
258170
258171
258172
258173
258174
258175
94386
94387
94388
94389
94390
94391
94392
94393
94394
291038
291039
291040
291041
291042
291043
291044
291045
291046
258410
258411
258412
258413
258414
258415
258416
258417
258418
258419
258420
258421
258422
258423
258424
258425
258426
258427
258428
258429
258430
258431
291276
291277
291278
291279
291280
291281
291282
291283
291284
94820
94821
94822
94823
94824
94825
258666
94826
258667
94827
258668
94828
258669
94829
258670
258671
258672
258673
258674
258675
258676
258677
258678
258679
258680
258681
258682
258683
258684
258685
258686
258687
291514
291515
291516
291517
291518
291519
291520
291521
258922
258923
258924
258925
258926
258927
258928
258929
258930
258931
258932
258933
258934
258935
258936
258937
258938
258939
258940
258941
258942
258943
291750
291751
291752
291753
291754
291755
291756
291757
95255
95256
95257
95258
95259
95260
95261
95262
95263
95264
95265
259178
259179
259180
259181
259182
259183
259184
259185
259186
259187
259188
259189
259190
259191
259192
259193
259194
259195
259196
259197
259198
259199
291985
291986
291987
291988
291989
291990
291991
291992
259434
259435
259436
259437
259438
259439
259440
259441
259442
259443
259444
259445
259446
259447
259448
259449
259450
259451
292219
259452
292220
259453
292221
259454
292222
259455
292223
292224
292225
292226
95692
95693
95694
95695
95696
95697
95698
95699
95700
95701
95702
292453
292454
292455
292456
292457
259690
292458
259691
292459
259692
259693
259694
259695
259696
259697
259698
259699
259700
259701
259702
259703
259704
259705
259706
259707
259708
259709
259710
259711
292685
292686
292687
292688
292689
292690
292691
259946
259947
259948
259949
259950
259951
259952
259953
259954
259955
259956
259957
259958
259959
259960
259961
259962
259963
259964
259965
259966
259967
96129
96130
96131
96132
96133
96134
96135
96136
96137
96138
96139
96140
292916
292917
292918
292919
292920
292921
292922
260202
260203
260204
260205
260206
260207
260208
260209
260210
260211
260212
260213
260214
260215
260216
260217
260218
260219
260220
260221
260222
260223
293146
293147
293148
293149
293150
293151
293152
293153
96567
96568
96569
96570
96571
96572
96573
96574
96575
96576
96577
96578
96579
260458
260459
260460
260461
260462
260463
260464
260465
260466
260467
260468
260469
260470
260471
260472
260473
260474
260475
260476
260477
260478
260479
293376
293377
293378
293379
293380
293381
293382
260714
260715
260716
260717
260718
260719
260720
260721
260722
260723
260724
260725
260726
260727
260728
260729
260730
260731
260732
260733
260734
260735
293604
293605
293606
293607
293608
293609
293610
293611
97007
97008
97009
97010
97011
97012
97013
97014
97015
97016
97017
97018
97019
260969
260970
260971
260972
260973
260974
260975
260976
260977
260978
260979
260980
260981
260982
260983
260984
260985
260986
260987
260988
260989
260990
260991
293831
293832
293833
293834
293835
293836
293837
293838
261225
261226
261227
261228
261229
261230
261231
261232
261233
261234
261235
261236
261237
261238
261239
261240
261241
261242
261243
261244
261245
261246
228479
261247
97447
97448
97449
294058
97450
294059
97451
294060
97452
294061
97453
294062
97454
294063
97455
294064
97456
97457
97458
97459
97460
261481
261482
261483
261484
261485
261486
261487
261488
261489
261490
261491
261492
261493
261494
261495
261496
261497
261498
261499
261500
261501
261502
228735
261503
294283
294284
294285
294286
294287
294288
294289
294290
97888
97889
97890
97891
97892
97893
97894
97895
97896
261737
97897
261738
97898
261739
294507
97899
261740
294508
97900
261741
294509
97901
261742
294510
97902
261743
294511
261744
294512
261745
294513
261746
294514
261747
261748
261749
261750
261751
261752
261753
261754
261755
261756
261757
261758
228991
261759
294730
294731
294732
294733
294734
294735
294736
294737
261993
261994
261995
261996
261997
261998
261999
262000
262001
262002
262003
262004
262005
262006
262007
262008
262009
262010
262011
262012
262013
262014
229247
262015
)


// ************************************************************************* //
